Acceleration Data 
Time [ms], x [m/s²], y [m/s²], z [m/s²] 
1688907905297,-16.8,-4.4,-0.4
1688907905314,-18.1,-5.6000000000000005,-1.9000000000000001
1688907905331,-15.100000000000001,-5.5,1.7000000000000002
1688907905347,-15.100000000000001,-5.5,1.7000000000000002
1688907905365,-14.200000000000001,-7.2,2.5
1688907905380,-13.100000000000001,-7.1000000000000005,0
1688907905397,-10.8,-6.6000000000000005,-1.5
1688907905414,-8.5,-6.5,-2.3000000000000003
1688907905431,-5.6000000000000005,-5.300000000000001,-2.4000000000000004
1688907905447,-2,-3.7,-2.7
1688907905464,2.1,-2,-3.7
1688907905480,2.1,-2,-3.7
1688907905497,9.1,0,-1.3
1688907905514,7.7,-0.4,-1.2000000000000002
1688907905530,9.5,0.4,-2.3000000000000003
1688907905547,11.9,2.3000000000000003,-2.3000000000000003
1688907905565,12.200000000000001,4.3,-1.2000000000000002
1688907905580,12,5,1.3
1688907905597,12.600000000000001,5.4,4.9
1688907905614,12.5,6.1000000000000005,7.800000000000001
1688907905630,12.9,6.800000000000001,9.4
1688907905647,13.600000000000001,7.5,9.9
1688907905666,14.5,7.6000000000000005,9.700000000000001
1688907905680,13.700000000000001,7.1000000000000005,9
1688907905697,11.4,5.7,7
1688907905714,9.4,4,5.4
1688907905730,8,2.8000000000000003,3.5
1688907905747,6.7,0.9,1.9000000000000001
1688907905764,3.4000000000000004,-1.5,0.1
1688907905780,-1.2000000000000002,-4.4,-2.4000000000000004
1688907905798,-2.7,-5,-2.9000000000000004
1688907905814,-4.4,-5.300000000000001,-2.7
1688907905831,-7.4,-5.1000000000000005,-2.8000000000000003
1688907905847,-9.700000000000001,-4.6000000000000005,0.6000000000000001
1688907905864,-13.5,-4.800000000000001,5.9
1688907905880,-18.6,-5.4,9.3
1688907905897,-21.8,-4.6000000000000005,10.8
1688907905914,-20,-3,9.1
1688907905930,-16.2,-0.7000000000000001,7.300000000000001
1688907905947,-12.4,0.7000000000000001,7.9
1688907905964,-9.600000000000001,1.1,8.8
1688907905981,-7.2,0.5,8.4
1688907905997,-5.1000000000000005,-0.7000000000000001,7.4
1688907906014,-2.8000000000000003,-1.8,5.300000000000001
1688907906030,-0.6000000000000001,-2.5,2.7
1688907906047,0.4,-3.4000000000000004,0.8
1688907906064,1.9000000000000001,-4.1000000000000005,-0.7000000000000001
1688907906080,5.9,-3.8000000000000003,-1.1
1688907906097,9.3,-2.2,-0.30000000000000004
1688907906114,11.100000000000001,-1,0.2
1688907906131,12,-1.6,0.2
1688907906147,9.8,-1.8,0.8
1688907906164,10.100000000000001,-2,1.4000000000000001
1688907906181,13.5,1.5,3.4000000000000004
1688907906197,14.600000000000001,2.9000000000000004,4.3
1688907906214,15.3,3.7,5.2
1688907906230,15,4.2,6.4
1688907906247,13.9,3.2,6.6000000000000005
1688907906264,11.4,2.3000000000000003,5.7
1688907906280,9.5,1.4000000000000001,5.1000000000000005
1688907906297,8.1,0.5,4.5
1688907906314,6.7,-0.5,4.2
1688907906331,6,-1,3.1
1688907906347,4.6000000000000005,-2,1.5
1688907906364,2.5,-3.4000000000000004,0
1688907906380,0.1,-4.6000000000000005,-1.2000000000000002
1688907906397,-2.7,-5.4,-1.4000000000000001
1688907906414,-5.9,-5.4,-2.6
1688907906431,-8.9,-5.300000000000001,-1.8
1688907906448,-11.600000000000001,-5.5,2
1688907906464,-14.700000000000001,-6.2,5.1000000000000005
1688907906481,-17.3,-7,6.9
1688907906498,-18.3,-6.7,7.6000000000000005
1688907906514,-16.6,-5.4,8.1
1688907906531,-12.9,-1.7000000000000002,7.7
1688907906548,-12.9,-1.7000000000000002,7.7
1688907906564,-10.3,-0.5,5.9
1688907906581,-7.7,-0.1,5.7
1688907906598,-6.1000000000000005,-0.5,5.5
1688907906614,-4.6000000000000005,-1.3,5.4
1688907906631,-3.1,-1.9000000000000001,5.6000000000000005
1688907906647,0.4,-1.9000000000000001,5.9
1688907906664,3.6,-1.4000000000000001,5.9
1688907906681,5.5,-1.1,4.7
1688907906698,9.1,-0.4,2.7
1688907906714,12.8,0.8,-0.4
1688907906732,12.5,1.6,-3.7
1688907906747,11.3,1,-4.9
1688907906764,11.200000000000001,-0.1,-3
1688907906781,11.3,-0.1,-0.4
1688907906798,12.600000000000001,0.6000000000000001,3
1688907906814,13.8,1.4000000000000001,5
1688907906831,13.100000000000001,1.1,4.6000000000000005
1688907906848,10.700000000000001,0.2,3.1
1688907906865,8.4,-0.7000000000000001,1.3
1688907906881,7.4,-0.6000000000000001,0.1
1688907906897,7.6000000000000005,-0.2,0.1
1688907906914,7.300000000000001,-0.1,-0.2
1688907906931,6.2,-0.8,-0.4
1688907906948,3,-1.1,-0.30000000000000004
1688907906964,1.9000000000000001,-3.5,0.2
1688907906982,0.6000000000000001,-2.4000000000000004,1.3
1688907906998,0,-2.2,2.1
1688907907014,-0.4,-2.5,2.5
1688907907032,-1.4000000000000001,-2.4000000000000004,2.4000000000000004
1688907907048,-2.7,-1.7000000000000002,4.9
1688907907064,-3.5,-1.1,7.1000000000000005
1688907907081,-3.1,-1.1,8
1688907907098,-2.9000000000000004,-0.8,6.9
1688907907114,-2.8000000000000003,0.2,4.4
1688907907131,-2.9000000000000004,1.8,-2.4000000000000004
1688907907151,-4.7,0.2,2.2
1688907907169,-5.2,0.4,5.2
1688907907180,-3.6,-1.3,2.3000000000000003
1688907907197,-5,-1.8,1.4000000000000001
1688907907214,-6.2,-1.1,0.30000000000000004
1688907907232,-5,0,0.8
1688907907247,-2.3000000000000003,0.9,2
1688907907266,-0.4,1.3,2.9000000000000004
1688907907280,0,0.8,2.4000000000000004
1688907907297,-0.5,0.4,0.9
1688907907314,-1.1,0.30000000000000004,0
1688907907331,-1.4000000000000001,0,-0.30000000000000004
1688907907347,-1,-0.1,-0.6000000000000001
1688907907364,-0.4,0,-1.2000000000000002
1688907907380,0.2,0.7000000000000001,-1
1688907907397,-0.30000000000000004,0.5,-0.7000000000000001
1688907907414,-0.7000000000000001,-0.1,0.30000000000000004
BREAK
Orientation Data 
Time [ms], x [°], y [°], z [°] 
1688907905130,23.3,41.7,-32.9
1688907905147,20.8,41.5,-31.1
1688907905163,19.1,41.400000000000006,-29
1688907905181,17.8,41.2,-27.1
1688907905198,15.9,41.1,-25
1688907905213,12.200000000000001,41.1,-21.5
1688907905230,353.3,42.300000000000004,-7.7
1688907905247,346,41.800000000000004,-1.7000000000000002
1688907905264,342.40000000000003,41,1.7000000000000002
1688907905280,339.6,40.2,4.6000000000000005
1688907905297,336.70000000000005,39.2,7.5
1688907905313,335.70000000000005,39.400000000000006,9.600000000000001
1688907905330,334.8,39.6,10.700000000000001
1688907905347,335,39.800000000000004,10.9
1688907905363,334.90000000000003,40.400000000000006,10.600000000000001
1688907905380,333.70000000000005,41,10.9
1688907905397,332.6,42,11.5
1688907905413,331,43.5,14.5
1688907905430,331,43.900000000000006,16.2
1688907905447,330.8,44.400000000000006,18
1688907905463,329.6,44.800000000000004,20.8
1688907905497,325.40000000000003,44.1,31.400000000000002
1688907905513,318.8,42.800000000000004,39.5
1688907905530,311.40000000000003,41.800000000000004,51.5
1688907905547,311.20000000000005,41.7,56.900000000000006
1688907905564,312.70000000000005,41.6,59.400000000000006
1688907905580,315.8,41.2,60.400000000000006
1688907905597,318.70000000000005,40.5,60.7
1688907905613,322,39.800000000000004,60.6
1688907905630,325.5,39.5,60.2
1688907905647,328.90000000000003,39.800000000000004,59.400000000000006
1688907905663,331.8,40.800000000000004,57.900000000000006
1688907905680,334.70000000000005,42.5,55.2
1688907905697,337,45.2,51.6
1688907905714,339.5,48.800000000000004,47
1688907905730,341.6,52.5,42.300000000000004
1688907905747,340.6,55.5,40.5
1688907905763,336.6,57.7,40.2
1688907905780,332.8,60.300000000000004,40.400000000000006
1688907905797,327.6,62.6,40.1
1688907905813,320.5,66.5,37.6
1688907905830,318.70000000000005,67.9,35.1
1688907905847,317.3,68.2,32.2
1688907905863,316.20000000000005,67.4,29.700000000000003
1688907905897,312,63.300000000000004,28.8
1688907905913,308.20000000000005,60.7,31.3
1688907905930,309.5,60.900000000000006,30.3
1688907905947,311.6,61.2,29.1
1688907905964,314.20000000000005,61.7,27.8
1688907905980,316.70000000000005,62.400000000000006,27
1688907905997,318.8,63.5,26.700000000000003
1688907906013,320.8,64.60000000000001,27.1
1688907906030,322.5,65.8,27.900000000000002
1688907906047,324.3,67,29.1
1688907906063,327.70000000000005,67.7,29.900000000000002
1688907906080,331.40000000000003,68.2,29.900000000000002
1688907906097,336.6,68.2,29
1688907906114,342.20000000000005,67.8,28
1688907906130,347.1,67.2,27.900000000000002
1688907906147,349.8,66.10000000000001,28.700000000000003
1688907906164,352.40000000000003,64.7,29.700000000000003
1688907906180,358.1,62.1,30.900000000000002
1688907906197,0.1,60.800000000000004,31.400000000000002
1688907906213,1.3,59.5,32.6
1688907906230,2.1,58.5,33.800000000000004
1688907906263,358.90000000000003,56.5,38.300000000000004
1688907906280,356.6,56,40.400000000000006
1688907906297,354.1,55.800000000000004,42.1
1688907906313,351.1,56.1,43.400000000000006
1688907906330,347.20000000000005,56.900000000000006,44.1
1688907906347,342.6,58,44.5
1688907906364,337.70000000000005,59.1,44.900000000000006
1688907906380,332.8,60.300000000000004,44.800000000000004
1688907906397,327.40000000000003,61.400000000000006,44
1688907906413,323.90000000000003,62.6,42.400000000000006
1688907906430,321.20000000000005,63.6,39.6
1688907906447,318.8,63.900000000000006,36.4
1688907906464,318.6,63.6,32.300000000000004
1688907906480,317.6,62.800000000000004,28.900000000000002
1688907906497,317.3,62,26.200000000000003
1688907906513,318,61.400000000000006,23.900000000000002
1688907906530,320.20000000000005,61,21
1688907906547,322.8,60.800000000000004,18.400000000000002
1688907906563,325.6,60.900000000000006,16.1
1688907906580,328.5,61,14.200000000000001
1688907906597,331.70000000000005,61.2,12.4
1688907906613,337.6,61.400000000000006,10.100000000000001
1688907906630,340.8,61.5,9.200000000000001
1688907906647,344.8,61.6,8
1688907906663,348.90000000000003,61.5,7.2
1688907906680,352.40000000000003,61.400000000000006,6.7
1688907906697,356.8,61.400000000000006,7
1688907906713,360,61.400000000000006,7.800000000000001
1688907906747,6.1000000000000005,60.6,11.700000000000001
1688907906764,8.8,59.5,13.3
1688907906780,9.9,57.7,14.8
1688907906797,10.9,55.1,16.5
1688907906813,12.5,52.900000000000006,17.8
1688907906830,13.100000000000001,51.2,19.200000000000003
1688907906847,13.100000000000001,50.2,20.700000000000003
1688907906864,12.600000000000001,49.800000000000004,21.8
1688907906880,11.700000000000001,49.800000000000004,22.200000000000003
1688907906897,11,50,21.6
1688907906913,10,50.300000000000004,20.6
1688907906930,8.9,50.5,19.5
1688907906947,8.4,50.6,17.7
1688907906963,6.7,50.7,16
1688907906980,6,50.5,13.600000000000001
1688907906997,4.800000000000001,50.2,11
1688907907013,1.6,49.300000000000004,5.9
1688907907031,0.5,48.300000000000004,3.8000000000000003
1688907907047,358.70000000000005,47.300000000000004,2.2
1688907907064,357.40000000000003,46.1,0.8
1688907907080,355.40000000000003,45.1,0.30000000000000004
1688907907097,353.5,44.300000000000004,0.6000000000000001
1688907907113,352.40000000000003,43.800000000000004,1.5
1688907907147,352.20000000000005,44.6,3.7
1688907907163,351.70000000000005,44.7,2.9000000000000004
1688907907180,349.6,45,2.3000000000000003
1688907907197,348,45.300000000000004,2.4000000000000004
1688907907214,347.40000000000003,45.5,2.2
1688907907230,347.6,45.800000000000004,1.3
1688907907247,348.6,46,-0.5
1688907907263,349.3,46.2,-2.1
1688907907280,350,46.7,-3.5
1688907907297,349.5,47.2,-3.8000000000000003
1688907907313,348.90000000000003,47.6,-3.4000000000000004
1688907907330,348.20000000000005,47.800000000000004,-2.4000000000000004
1688907907347,347.6,47.800000000000004,-1.3
1688907907363,347.70000000000005,47.800000000000004,-0.4
1688907907380,348.20000000000005,47.7,0.2
1688907907397,347.70000000000005,47.300000000000004,0.7000000000000001
1688907907413,347.1,46.800000000000004,1.2000000000000002
