Acceleration Data 
Time [ms], x [m/s²], y [m/s²], z [m/s²] 
1688907958590,3.5,4.5,-2.7
1688907958606,2.5,3,-3.6
1688907958623,0,2.4000000000000004,-6
1688907958639,0.5,2.1,-7.800000000000001
1688907958657,3.8000000000000003,3.8000000000000003,-8.3
1688907958673,6.7,5,-8.200000000000001
1688907958689,8.1,4.6000000000000005,-8.9
1688907958706,7.300000000000001,4.2,-8.6
1688907958723,2.8000000000000003,1.7000000000000002,-8.5
1688907958740,-0.1,2.6,-6.6000000000000005
1688907958756,0.1,1.6,-6.5
1688907958773,2.5,2,-5.6000000000000005
1688907958790,6.2,3,-7
1688907958806,5.800000000000001,0.8,-8.200000000000001
1688907958823,-2.6,-3.1,-14.3
1688907958840,-5.800000000000001,-1.2000000000000002,-11.600000000000001
1688907958857,-2.8000000000000003,0.1,-7
1688907958873,0.9,0.30000000000000004,-4.9
1688907958890,3.9000000000000004,1.4000000000000001,-3.1
1688907958907,3.1,1.8,-2.7
1688907958923,0.1,-0.30000000000000004,-2.3000000000000003
1688907958940,-1.5,-0.7000000000000001,-1.3
1688907958957,-1.6,0.30000000000000004,-1.4000000000000001
1688907958973,-0.8,0.4,-3.8000000000000003
1688907958990,0.9,0.9,-5.5
1688907959006,2.8000000000000003,1.2000000000000002,-5
1688907959023,2.5,1,-3.6
1688907959040,0.7000000000000001,0.9,-2
1688907959056,-0.5,0.2,-1.2000000000000002
1688907959073,-1.4000000000000001,0.6000000000000001,-2
1688907959089,-1.2000000000000002,-0.5,-2.8000000000000003
1688907959106,-0.8,-2.1,-5.4
1688907959123,0,0.1,-5.7
1688907959140,0.1,-1.2000000000000002,-7.6000000000000005
1688907959156,-1.5,-1.2000000000000002,-4.6000000000000005
1688907959174,-1.7000000000000002,-2.2,-2.9000000000000004
1688907959189,-0.9,-2,-0.5
1688907959206,0.1,-1.5,2.2
1688907959223,0.7000000000000001,-0.30000000000000004,2.8000000000000003
1688907959240,0,0.30000000000000004,1.7000000000000002
1688907959257,-0.8,-0.2,-1.9000000000000001
1688907959274,-1,-0.8,-2.5
1688907959290,-0.6000000000000001,-1.7000000000000002,-0.7000000000000001
1688907959306,2,-1.3,1.5
1688907959323,2.6,-1.4000000000000001,2.9000000000000004
1688907959340,2.6,-2.7,0.8
1688907959357,2.8000000000000003,-3,0
1688907959373,2.3000000000000003,-3.8000000000000003,1.7000000000000002
1688907959390,3.5,-4.3,3.4000000000000004
1688907959406,4.800000000000001,-5,3.3000000000000003
1688907959423,5,-6.1000000000000005,4.800000000000001
1688907959440,5.1000000000000005,-7,5.5
1688907959457,5.9,-7.7,6.6000000000000005
1688907959474,4.800000000000001,-8.5,5.300000000000001
1688907959490,4.2,-8.6,3.3000000000000003
1688907959506,5.6000000000000005,-8.200000000000001,3.1
1688907959523,6.4,-7.6000000000000005,6
1688907959540,7.4,-4.2,11
1688907959557,7.800000000000001,-2.9000000000000004,11.5
1688907959573,7.4,-1.8,11.3
1688907959590,6.7,-1.9000000000000001,14.200000000000001
1688907959607,4.9,-2.7,15
1688907959623,2.8000000000000003,-3.9000000000000004,13
1688907959641,1.4000000000000001,-4.3,8.700000000000001
1688907959657,2.6,-3.9000000000000004,6.1000000000000005
1688907959673,2.4000000000000004,-4.1000000000000005,4.9
1688907959690,2.5,-2.8000000000000003,3.2
1688907959707,2.2,-3.4000000000000004,2.4000000000000004
1688907959723,2,-3.5,2.5
1688907959740,1.9000000000000001,-3.7,2.3000000000000003
1688907959756,2.3000000000000003,-3,2.6
1688907959776,4.3,-1.8,1.7000000000000002
1688907959790,3.7,-1,1.8
1688907959807,2.2,-1.7000000000000002,2.1
1688907959823,0.9,-2,0.8
1688907959840,1.2000000000000002,-2.1,-1.1
1688907959857,0,-1.8,-2.8000000000000003
1688907959873,-0.5,0.4,0
1688907959890,0.30000000000000004,-0.2,0.1
1688907959906,1.2000000000000002,-2.1,-0.4
1688907959923,0,-2.4000000000000004,-1.8
1688907959940,-0.4,-0.7000000000000001,-2.1
1688907959956,0,-0.5,-1
1688907959973,0.1,-1.1,-0.2
1688907959989,-0.5,-2.1,-0.5
1688907960006,-0.1,-2.3000000000000003,-1.1
1688907960024,0.30000000000000004,-1.6,-0.6000000000000001
1688907960040,1.1,-0.8,-1.1
1688907960056,-0.1,-0.5,-1.2000000000000002
1688907960074,-1.4000000000000001,-0.7000000000000001,-0.7000000000000001
1688907960090,-1.5,-1.4000000000000001,-1
1688907960106,-0.9,-1.8,-1.7000000000000002
1688907960123,-1,-1.4000000000000001,-0.6000000000000001
1688907960140,-0.9,-1.1,-0.7000000000000001
1688907960156,0.1,-0.7000000000000001,0.2
1688907960176,1.7000000000000002,0.8,-4.1000000000000005
1688907960193,2.7,0.7000000000000001,-5
1688907960206,2.5,0.5,-5.2
1688907960222,-0.2,1.1,-3.6
1688907960244,-2.4000000000000004,2.2,-3.8000000000000003
1688907960256,-3.5,2,-2.5
1688907960272,-2.7,1.8,-2.4000000000000004
1688907960291,-1.8,1.9000000000000001,-2.7
1688907960306,0.5,1.9000000000000001,-2.4000000000000004
1688907960322,0.8,1.3,-2.2
1688907960339,3.8000000000000003,0.6000000000000001,-1.7000000000000002
1688907960356,2,0.6000000000000001,-0.30000000000000004
1688907960373,-1.2000000000000002,1.8,1.4000000000000001
1688907960389,-3.5,2.1,2.6
1688907960406,-3.2,1.7000000000000002,-0.7000000000000001
1688907960423,-1.2000000000000002,0.9,-2.2
1688907960439,-0.5,1.8,-3.3000000000000003
1688907960458,-0.4,3,-2.9000000000000004
BREAK
Orientation Data 
Time [ms], x [°], y [°], z [°] 
1688907958422,1.6,-6.4,-1.3
1688907958439,1.4000000000000001,-6,-1.1
1688907958455,1.2000000000000002,-5.6000000000000005,-0.9
1688907958473,1,-5.2,-0.7000000000000001
1688907958489,0.8,-4.800000000000001,-0.5
1688907958505,0.7000000000000001,-4.4,-0.30000000000000004
1688907958523,0.6000000000000001,-3.9000000000000004,-0.2
1688907958539,0.5,-3.4000000000000004,-0.1
1688907958555,0.4,-2.9000000000000004,0
1688907958572,2.2,-0.2,-1.9000000000000001
1688907958590,2.4000000000000004,5.9,-2.2
1688907958605,6.5,12.5,-3.4000000000000004
1688907958622,7.800000000000001,16.900000000000002,-1.4000000000000001
1688907958639,10.200000000000001,20.8,-0.4
1688907958657,12.9,24.8,-0.6000000000000001
1688907958672,15.8,28.5,-1.5
1688907958689,18.2,33.1,-2.8000000000000003
1688907958705,21,37.9,-4.1000000000000005
1688907958722,23.1,42.1,-4.4
1688907958739,25.8,46.2,-4.9
1688907958755,28,50.300000000000004,-5.9
1688907958772,30.5,55.1,-7.7
1688907958789,33.7,60.6,-10.3
1688907958806,65.8,73.4,-39.5
1688907958822,82.4,76.9,-53.2
1688907958839,102.30000000000001,79.30000000000001,-70.9
1688907958856,118.30000000000001,79.2,-86.10000000000001
1688907958872,309.20000000000005,102,83.30000000000001
1688907958889,322,105,71.10000000000001
1688907958906,326.1,106.60000000000001,68.3
1688907958922,328.6,107,67.2
1688907958939,334.40000000000003,107.30000000000001,62.5
1688907958956,336.6,106.7,60.800000000000004
1688907958972,337.40000000000003,106.4,60.300000000000004
1688907958989,338.20000000000005,106.4,60.1
1688907959006,338.40000000000003,106.4,60.5
1688907959022,337.1,106.2,61.900000000000006
1688907959039,335.1,105.60000000000001,64.10000000000001
1688907959055,332.90000000000003,105,66.2
1688907959072,331.40000000000003,104.5,67.8
1688907959089,330.90000000000003,104.2,68.4
1688907959105,333.3,103.80000000000001,66.3
1688907959122,335.6,103.80000000000001,63.900000000000006
1688907959139,336.90000000000003,103.80000000000001,62
1688907959155,339.3,103.80000000000001,58.6
1688907959172,337.6,102.7,56.7
1688907959206,332.6,101.9,60.2
1688907959222,319,100.9,70.7
1688907959239,314.8,101,73.5
1688907959256,313.20000000000005,101.10000000000001,73.4
1688907959272,310.6,101.10000000000001,74
1688907959289,305.8,101.10000000000001,77.10000000000001
1688907959306,299.40000000000003,101.30000000000001,81.60000000000001
1688907959322,294.90000000000003,101.60000000000001,84.4
1688907959339,292.3,101.9,84.4
1688907959356,287.40000000000003,102.30000000000001,86.5
1688907959372,98.30000000000001,77.10000000000001,-86.7
1688907959389,88.7,76.4,-78.7
1688907959406,80.80000000000001,75.3,-71.9
1688907959422,75.10000000000001,74.2,-67.5
1688907959439,70.10000000000001,72.8,-64.9
1688907959456,64.7,71.3,-62.5
1688907959472,59.7,69.7,-59.800000000000004
1688907959489,54.6,67.2,-56.2
1688907959506,52.300000000000004,66.10000000000001,-55.400000000000006
1688907959522,50.400000000000006,63.900000000000006,-54.6
1688907959540,47,61.6,-53.300000000000004
1688907959556,43.6,59.6,-51.6
1688907959572,40.7,57.6,-49.5
1688907959589,37.9,56,-47.1
1688907959606,32.6,54.400000000000006,-41.400000000000006
1688907959622,29.700000000000003,54.400000000000006,-37.5
1688907959640,27.8,55.1,-33.800000000000004
1688907959656,27.400000000000002,56.2,-31.3
1688907959672,27.6,58,-29.400000000000002
1688907959690,27.6,59.7,-27.3
1688907959706,27.5,61.1,-25.1
1688907959722,27.200000000000003,62.7,-22.700000000000003
1688907959739,27,63.900000000000006,-20.5
1688907959756,26.900000000000002,65.2,-18.7
1688907959772,28,66.5,-17.8
1688907959789,29.3,67.60000000000001,-17.1
1688907959806,29.400000000000002,69.10000000000001,-15.600000000000001
1688907959822,28.900000000000002,70.3,-13.700000000000001
1688907959839,27.8,71.7,-11.3
1688907959856,26.700000000000003,72.9,-8.4
1688907959872,26.3,73.5,-6.1000000000000005
1688907959889,24.8,74,-3.6
1688907959906,23.200000000000003,74.3,-1.3
1688907959922,21,74.5,1.5
1688907959939,18.6,74.5,4.7
1688907959956,17,74.2,6.800000000000001
1688907959972,16.900000000000002,72.60000000000001,8.1
1688907960006,16.900000000000002,70.8,9.1
1688907960039,16.8,69.3,9.9
1688907960055,16.6,68.4,10.8
1688907960072,16.400000000000002,67.4,12.100000000000001
1688907960089,16.1,66.5,13.4
1688907960105,16.1,66,14
1688907960122,16.2,65.60000000000001,14.200000000000001
1688907960139,16.6,65.3,13.8
1688907960155,17.400000000000002,65.2,13
1688907960172,18.8,65.7,11.700000000000001
1688907960189,20.400000000000002,66.10000000000001,10.100000000000001
1688907960205,21.400000000000002,66.10000000000001,8.4
1688907960222,21.3,64.9,7.5
1688907960240,20.6,62.900000000000006,7.7
1688907960255,21.200000000000003,60.7,7.4
1688907960272,23,58.900000000000006,5.800000000000001
1688907960289,25.1,57.400000000000006,3.1
1688907960305,27.400000000000002,56.2,-0.30000000000000004
1688907960322,29.900000000000002,55.1,-3.9000000000000004
1688907960339,31.700000000000003,53.900000000000006,-6.300000000000001
1688907960355,33.1,52.7,-7.9
1688907960372,34.2,51.400000000000006,-9
1688907960389,34.4,50.6,-9.700000000000001
1688907960406,33.300000000000004,51.6,-12.200000000000001
1688907960422,33.1,52.6,-13.8
1688907960439,33.1,53.1,-14.9
1688907960455,32.7,52.800000000000004,-14.600000000000001
