Acceleration Data 
Time [ms], x [m/s²], y [m/s²], z [m/s²] 
1688907543608,5.6000000000000005,0.6000000000000001,1.9000000000000001
1688907543625,6.300000000000001,0.2,0.9
1688907543641,4.9,-0.9,0.30000000000000004
1688907543658,2.3000000000000003,-1.6,0.30000000000000004
1688907543675,-0.4,-2.5,0.5
1688907543692,-2.3000000000000003,-4,-0.6000000000000001
1688907543708,-2.4000000000000004,-4.3,-2.6
1688907543725,-2.7,-4.7,-4.6000000000000005
1688907543742,-2.6,-4.7,-6.1000000000000005
1688907543758,-3.6,-5.4,-4.3
1688907543775,-7.1000000000000005,-5.6000000000000005,-4.7
1688907543792,-13.200000000000001,-8,-2
1688907543809,-16.7,-13.3,-2.1
1688907543825,-12.8,-11,-3.1
1688907543842,-9.3,-9.3,-2.9000000000000004
1688907543858,-8.3,-12.4,-2.5
1688907543875,-6.800000000000001,-14,-1.6
1688907543892,-6.4,-15.700000000000001,-3
1688907543909,-5.1000000000000005,-19.1,-7.2
1688907543925,-3.5,-21.5,-8
1688907543942,-1.8,-24.3,-6.9
1688907543958,-2.2,-26.5,-6.5
1688907543975,-1.4000000000000001,-29.8,-7.5
1688907543992,0.6000000000000001,-32.7,-9
1688907544008,3.9000000000000004,-34.5,-11.4
1688907544025,5.5,-38.7,-14.200000000000001
1688907544042,5.9,-44.300000000000004,-12.3
1688907544058,7.7,-50.900000000000006,-6.6000000000000005
1688907544075,15.8,-54.900000000000006,-1.1
1688907544092,35.2,-48.2,6
1688907544109,59.800000000000004,-30.200000000000003,14.4
1688907544125,52.7,-14.600000000000001,9.600000000000001
1688907544141,33.7,-15.3,6.4
1688907544159,23.5,-13.100000000000001,8.700000000000001
1688907544175,19.900000000000002,-11.200000000000001,7.5
1688907544191,19.6,-10,3.5
1688907544208,19.6,-8.6,0.8
1688907544225,18.3,-9.200000000000001,0.7000000000000001
1688907544242,15,-9.600000000000001,3.2
1688907544259,11.600000000000001,-11.600000000000001,2.5
1688907544276,11,-11.8,-1.1
1688907544292,12.100000000000001,-11.3,-5.300000000000001
1688907544308,13.3,-9.8,-9.8
1688907544325,13.8,-8.9,-7.9
1688907544342,11.100000000000001,-10,-3.8000000000000003
1688907544358,7.7,-11.3,-0.2
1688907544375,5.5,-11.3,-2.8000000000000003
1688907544392,2.8000000000000003,-13.8,-6.7
1688907544408,0.4,-12.3,-7.300000000000001
1688907544425,-3.6,-12.200000000000001,-7.300000000000001
1688907544442,-4.4,-13.600000000000001,-3.7
1688907544459,-3.4000000000000004,-12.600000000000001,3.6
1688907544475,-0.8,-9.5,6.300000000000001
1688907544492,1.3,-9.3,0.30000000000000004
1688907544509,-0.1,-10.200000000000001,-4.2
1688907544525,0.5,-10.3,-5.800000000000001
1688907544542,2.4000000000000004,-10.100000000000001,-1.6
1688907544558,2.7,-11.200000000000001,4.5
1688907544575,0.9,-11.8,6.2
1688907544592,-1.3,-12.4,5.6000000000000005
1688907544609,-4.1000000000000005,-12,2.9000000000000004
1688907544625,-4.800000000000001,-12,1.6
1688907544642,-4.4,-12.5,1.7000000000000002
1688907544658,-4.1000000000000005,-12.5,1.7000000000000002
1688907544676,-6.7,-13.4,3.5
1688907544692,-7.7,-13.8,2.7
1688907544709,-9,-14.9,1
1688907544725,-8.9,-16.3,0.2
1688907544742,-7.300000000000001,-17.1,1.4000000000000001
1688907544759,-7.5,-19.1,2.5
1688907544776,-9.4,-21.5,2.6
1688907544791,-9.4,-21.5,2.6
1688907544809,-10.600000000000001,-26.8,0.5
1688907544825,-8.8,-29.8,1.1
1688907544842,-7.2,-32.300000000000004,3.7
1688907544859,-6,-35,5.300000000000001
1688907544875,-3.4000000000000004,-37.300000000000004,4
1688907544892,-0.8,-37.9,2.7
1688907544909,4.1000000000000005,-37.300000000000004,1.4000000000000001
1688907544925,5.5,-37.5,-2.2
1688907544942,6.5,-41.900000000000006,-1
1688907544959,12.5,-47.800000000000004,6.800000000000001
1688907544975,28.1,-44.2,1.6
1688907544992,36.6,-30.900000000000002,-3.5
1688907545009,38.7,-22.5,1.6
1688907545025,37.2,-13.200000000000001,10.200000000000001
1688907545042,29.700000000000003,-8.1,14.100000000000001
1688907545058,24.200000000000003,-4,12.100000000000001
1688907545075,22.200000000000003,-1.4000000000000001,7.300000000000001
1688907545092,24.200000000000003,4.2,-0.9
1688907545108,23.5,4.4,-2.6
1688907545125,20.700000000000003,3,1.7000000000000002
1688907545142,16,1.5,6.2
1688907545158,12,0.5,7.9
1688907545175,9.600000000000001,0.30000000000000004,6.9
1688907545192,9.8,0.7000000000000001,5.6000000000000005
1688907545208,8.1,0.5,6.1000000000000005
1688907545225,9.3,-1.2000000000000002,3.8000000000000003
1688907545242,6.1000000000000005,-0.1,5.9
1688907545258,5.6000000000000005,-0.5,7.2
1688907545275,5.1000000000000005,-0.7000000000000001,5.7
1688907545292,5.4,-0.30000000000000004,4.1000000000000005
1688907545308,5.2,0,2.9000000000000004
1688907545325,2.6,1.3,2.6
1688907545341,4.3,-0.6000000000000001,1.7000000000000002
1688907545358,1.8,-0.2,1.8
1688907545375,0.4,-0.2,1.2000000000000002
1688907545392,0.5,-0.8,-0.1
1688907545408,0.30000000000000004,-0.5,-2.7
1688907545425,-0.4,-1.1,-3.8000000000000003
1688907545444,-1,-1.4000000000000001,-3.7
1688907545468,-3.5,-2.2,-2.8000000000000003
1688907545475,-3.5,-2.2,-2.8000000000000003
1688907545492,-2.3000000000000003,-2.8000000000000003,-1.5
1688907545508,-1.1,-2,-2.2
1688907545525,-1.3,-1.3,-2.6
1688907545542,-1.2000000000000002,-1.7000000000000002,-2.8000000000000003
1688907545558,-1,-1.6,-2.6
1688907545575,-0.5,-1.9000000000000001,-3.2
1688907545592,-1,-2.7,-4
1688907545609,-1.4000000000000001,-2.2,-4.2
1688907545625,-2,-1.4000000000000001,-4.1000000000000005
1688907545642,-2,-1.3,-3.8000000000000003
1688907545659,-1.2000000000000002,-1,-3.3000000000000003
1688907545676,-0.5,-0.8,-2.8000000000000003
1688907545692,0.5,-1,-2.5
1688907545708,0,-1.5,-2.8000000000000003
1688907545725,-0.6000000000000001,-0.7000000000000001,-4
1688907545748,-1.1,0.7000000000000001,-7.6000000000000005
1688907545760,-1.1,0,-7.2
1688907545777,-0.8,-0.2,-4.800000000000001
1688907545791,-0.7000000000000001,-1.2000000000000002,-4.7
1688907545808,-0.6000000000000001,-0.7000000000000001,-5.4
1688907545826,-1,0.30000000000000004,-4.5
1688907545841,-0.9,0.30000000000000004,-3
1688907545860,-0.8,0,-1.1
1688907545874,-0.5,-0.6000000000000001,-0.30000000000000004
1688907545891,0,0.1,-0.7000000000000001
1688907545908,0.4,0.6000000000000001,-0.5
1688907545924,0.6000000000000001,0.7000000000000001,-0.1
1688907545941,1,0.7000000000000001,0.4
1688907545958,1.1,0.6000000000000001,0.6000000000000001
1688907545974,1.4000000000000001,0.4,0.5
1688907545991,0.5,0.5,0.4
1688907546008,-0.30000000000000004,0.2,0
1688907546024,-0.8,-0.5,-0.1
BREAK
Orientation Data 
Time [ms], x [°], y [°], z [°] 
1688907543457,4,19.3,-4.9
1688907543474,4.5,19.1,-5.300000000000001
1688907543491,4.5,18.8,-5.7
1688907543507,4.1000000000000005,18.3,-6
1688907543524,4,18,-6.2
1688907543541,3.9000000000000004,17.7,-6.5
1688907543557,3.8000000000000003,17.400000000000002,-6.7
1688907543574,3.7,17,-7
1688907543591,3.8000000000000003,16.6,-7.4
1688907543607,2.3000000000000003,18.6,-6.7
1688907543624,0.8,20.5,-6
1688907543641,359.5,22.700000000000003,-5.4
1688907543657,358.3,24.700000000000003,-5.300000000000001
1688907543674,357.3,27.200000000000003,-5.6000000000000005
1688907543691,355.1,29.6,-6.300000000000001
1688907543707,352.40000000000003,30.1,-7.4
1688907543724,348.5,31.6,-7.9
1688907543741,345.40000000000003,34.1,-8.200000000000001
1688907543757,341.6,36,-8
1688907543774,337.70000000000005,37.5,-7.5
1688907543791,333.40000000000003,38.2,-6.7
1688907543808,329.1,38.5,-5.300000000000001
1688907543824,325.90000000000003,38.2,-4
1688907543841,325.70000000000005,37.6,-3.4000000000000004
1688907543857,327.1,36.7,-3
1688907543874,328.90000000000003,35.7,-2.7
1688907543891,330.20000000000005,34.5,-2.3000000000000003
1688907543908,333.3,33.4,-1.8
1688907543924,338,32.2,-1.9000000000000001
1688907543941,344.20000000000005,30.8,-2.7
1688907543957,359.1,26.6,-6.6000000000000005
1688907543974,6.9,24.3,-8.9
1688907543991,16.400000000000002,21.200000000000003,-12.3
1688907544008,25,17.900000000000002,-14.8
1688907544024,32.300000000000004,14.4,-16.1
1688907544041,41,9.200000000000001,-16.3
1688907544057,51.2,2.1,-13.9
1688907544074,66.2,-7.1000000000000005,-8.3
1688907544091,82.7,-15.5,-3.5
1688907544108,89.10000000000001,-20.900000000000002,-4.4
1688907544124,91.10000000000001,-23.1,-9.700000000000001
1688907544141,96,-23.8,-14.5
1688907544157,102.30000000000001,-24.400000000000002,-18
1688907544174,110.10000000000001,-25.3,-19.6
1688907544192,116.30000000000001,-26.1,-20.900000000000002
1688907544207,120.30000000000001,-26.6,-23.900000000000002
1688907544224,127,-30.200000000000003,-30
1688907544241,126.5,-26.900000000000002,-36.800000000000004
1688907544258,130.3,-21.700000000000003,-42.1
1688907544274,135,-16.400000000000002,-46
1688907544291,140.4,-11,-48.7
1688907544308,144.6,-5.6000000000000005,-51.2
1688907544324,146.70000000000002,0.1,-55
1688907544341,147.8,12.200000000000001,-70.10000000000001
1688907544357,146,19.900000000000002,-83
1688907544374,334.70000000000005,154,86.30000000000001
1688907544391,342.40000000000003,148.1,77.7
1688907544407,349.1,141.9,70
1688907544424,356.90000000000003,137.20000000000002,63.7
1688907544441,359.90000000000003,131.6,52.800000000000004
1688907544458,7.1000000000000005,128.20000000000002,40.900000000000006
1688907544474,12.700000000000001,125.9,24.8
1688907544491,19.6,124.9,12.200000000000001
1688907544507,24.6,123.80000000000001,6.5
1688907544524,28.3,121.5,2.9000000000000004
1688907544541,32.300000000000004,118.5,-2
1688907544558,37.9,115.80000000000001,-11.3
1688907544574,45.7,114.10000000000001,-25.200000000000003
1688907544591,51.900000000000006,113.80000000000001,-35.800000000000004
1688907544608,58.2,114.30000000000001,-47.1
1688907544624,62.2,114.9,-54
1688907544641,65.8,115.5,-61.2
1688907544657,67.9,115.60000000000001,-67.3
1688907544674,68.10000000000001,115.4,-71.10000000000001
1688907544691,68.5,114.60000000000001,-74
1688907544707,67.9,113,-75
1688907544724,66.5,110.5,-73.9
1688907544741,62.7,107.9,-71.2
1688907544758,56.6,104.60000000000001,-65.60000000000001
1688907544775,17.8,99.80000000000001,-30.900000000000002
1688907544808,320.1,105.2,23.700000000000003
1688907544824,305.2,110.80000000000001,36.300000000000004
1688907544841,296.7,118,44.6
1688907544857,290.90000000000003,126.7,49.800000000000004
1688907544874,285.1,134.8,52.300000000000004
1688907544891,285.2,146,54
1688907544907,279.7,155,54.800000000000004
1688907544924,280.3,166.5,56.1
1688907544941,274.6,174.9,57.5
1688907544958,275.5,-174.9,60.800000000000004
1688907544974,272.90000000000003,-165.3,66.7
1688907544991,271.3,-155.5,74.7
1688907545007,263.1,-148.3,78.7
1688907545025,259.6,-141.4,81.2
1688907545041,253,-137,83.5
1688907545058,248.70000000000002,-133.70000000000002,86.9
1688907545074,65.5,-48.6,-89.30000000000001
1688907545091,65.9,-51,-83.30000000000001
1688907545108,64.2,-52.400000000000006,-78.5
1688907545124,63.5,-53.300000000000004,-73.7
1688907545141,60.900000000000006,-53.5,-70.60000000000001
1688907545157,52,-51.7,-68.3
1688907545174,48.5,-49.800000000000004,-66.3
1688907545191,45,-47.900000000000006,-63.900000000000006
1688907545207,42.300000000000004,-45.7,-61.400000000000006
1688907545224,40,-43.5,-58.800000000000004
1688907545241,37.6,-40.300000000000004,-56.6
1688907545257,36.1,-37.4,-55.400000000000006
1688907545274,34.5,-33.6,-53.7
1688907545291,33.7,-30.1,-51.2
1688907545307,32.9,-26.700000000000003,-47.800000000000004
1688907545324,32.1,-23.6,-44.400000000000006
1688907545341,30.200000000000003,-19.700000000000003,-40
1688907545357,29.200000000000003,-16.5,-37.1
1688907545374,26.8,-12.100000000000001,-33.9
1688907545391,24.8,-8.4,-31.1
1688907545408,21.700000000000003,-3.9000000000000004,-27.5
1688907545424,19.8,-0.1,-24.6
1688907545442,18,3.8000000000000003,-21.900000000000002
1688907545467,15.3,10.4,-18.1
1688907545491,12.9,15.5,-16
1688907545507,12.8,17.8,-15.600000000000001
1688907545524,12.700000000000001,21.400000000000002,-15.9
1688907545541,14,28.5,-17.900000000000002
1688907545557,14.4,31.900000000000002,-19
1688907545574,14.4,34.5,-19.5
1688907545591,13,36.800000000000004,-18.6
1688907545608,11.3,38.400000000000006,-16.2
1688907545624,11.200000000000001,39.400000000000006,-13.8
1688907545641,10.9,40,-11.200000000000001
1688907545657,11.200000000000001,40.400000000000006,-8.9
1688907545674,12.4,40.7,-7.300000000000001
1688907545691,12.700000000000001,41.1,-5.5
1688907545707,13.9,41.6,-4
1688907545724,14.3,42.400000000000006,-2.5
1688907545741,13.600000000000001,43.800000000000004,0
1688907545758,15.700000000000001,45,1.2000000000000002
1688907545774,17.5,45.400000000000006,1.3
1688907545791,17.7,45.300000000000004,1.4000000000000001
1688907545807,17.400000000000002,44.900000000000006,2
1688907545824,18,44.1,2.6
1688907545841,19.400000000000002,43,2.7
1688907545857,20.700000000000003,41.6,2.4000000000000004
1688907545874,21.6,40.300000000000004,2.1
1688907545891,22.1,39.300000000000004,2
1688907545907,22.700000000000003,38.400000000000006,2.1
1688907545924,23.700000000000003,37.5,2.3000000000000003
1688907545940,24.8,36.5,2.7
1688907545957,25.8,35.6,3.1
1688907545974,26.700000000000003,33.7,4.5
1688907545990,26.8,32.800000000000004,5.4
1688907546007,26.6,31.900000000000002,6.4
1688907546024,26.3,30.900000000000002,7.300000000000001
