Acceleration Data 
Time [ms], x [m/s²], y [m/s²], z [m/s²] 
1688907427338,4,1.9000000000000001,-14
1688907427352,2,-0.4,-14.4
1688907427371,-0.4,-1.4000000000000001,-11
1688907427385,-2.1,-2.7,-10
1688907427405,-4.7,-3.7,-11.5
1688907427419,-9.1,-5.2,-15.4
1688907427439,-13.200000000000001,-8.700000000000001,-21.5
1688907427452,-15,-11.100000000000001,-27.200000000000003
1688907427474,-12.200000000000001,-11.9,-26.8
1688907427486,-8.1,-12.5,-23.200000000000003
1688907427506,-5.7,-14.9,-20.3
1688907427519,-4.1000000000000005,-16.6,-16.7
1688907427539,-3.1,-18.400000000000002,-12.4
1688907427553,-2.6,-20.1,-10.600000000000001
1688907427570,-1,-20.5,-11.600000000000001
1688907427586,0.7000000000000001,-22.1,-12.3
1688907427607,-1.7000000000000002,-29.200000000000003,-6.2
1688907427619,-1.7000000000000002,-29.200000000000003,-6.2
1688907427636,-2.6,-35.1,-2.2
1688907427653,2.7,-44.800000000000004,22.200000000000003
1688907427669,13.700000000000001,-35.300000000000004,44.7
1688907427688,20.200000000000003,-19.700000000000003,51
1688907427703,14,-15,38.400000000000006
1688907427719,7.2,-13.200000000000001,26.5
1688907427740,8.700000000000001,-10,22.900000000000002
1688907427752,14.9,-5.9,24.8
1688907427770,23,-1.4000000000000001,24.700000000000003
1688907427786,23.400000000000002,-0.5,19.6
1688907427806,21,-1,13.700000000000001
1688907427819,20.200000000000003,-1.9000000000000001,12.4
1688907427840,17.7,-4.800000000000001,11.5
1688907427852,13.3,-7.7,10
1688907427874,10.9,-9.8,9.8
1688907427886,11.3,-11.9,11.200000000000001
1688907427903,8.9,-15.600000000000001,11
1688907427920,3.6,-21.6,8
1688907427936,-2.3000000000000003,-25.1,8
1688907427953,-6.1000000000000005,-24.3,9.1
1688907427975,-9.1,-23.3,6.800000000000001
1688907427986,-9.1,-23.3,6.800000000000001
1688907428005,-8.1,-23.8,2.5
1688907428022,-8.6,-24.700000000000003,-1.6
1688907428036,-8.6,-24.700000000000003,-1.6
1688907428052,-8.9,-24.400000000000002,-4.6000000000000005
1688907428074,-7.300000000000001,-22.5,-7.5
1688907428086,-5.7,-21.5,-7.2
1688907428106,-4.3,-21.6,-6.800000000000001
1688907428122,-3.2,-21.5,-7.2
1688907428136,-4.5,-23,-7.9
1688907428153,-8.1,-23.1,-9.9
1688907428170,-12.600000000000001,-25.5,-10.9
1688907428196,-16.400000000000002,-28.700000000000003,-11.200000000000001
1688907428202,-16.5,-32.300000000000004,-12.200000000000001
1688907428222,-17.6,-37.1,-11.200000000000001
1688907428236,-10.200000000000001,-40.900000000000006,-12.8
1688907428254,2.3000000000000003,-38.7,-10.200000000000001
1688907428273,8.8,-34.7,-5.1000000000000005
1688907428289,9.200000000000001,-31.6,4
1688907428302,11.600000000000001,-30.1,9.200000000000001
1688907428323,19.400000000000002,-26.200000000000003,15.5
1688907428336,30.8,-17.6,23.3
1688907428352,32,-9.600000000000001,23.200000000000003
1688907428374,21.900000000000002,-1.5,9.200000000000001
1688907428390,18,0.8,10.100000000000001
1688907428402,18,0.8,10.100000000000001
1688907428419,15.4,1.3,11.8
1688907428437,16,2.2,9.700000000000001
1688907428456,15.5,2.3000000000000003,6.9
1688907428469,14,2,4.5
1688907428486,13,2.5,3.8000000000000003
1688907428507,10.700000000000001,2,4.5
1688907428519,8.700000000000001,1.7000000000000002,5.300000000000001
1688907428536,7.1000000000000005,1.1,4.7
1688907428556,7.6000000000000005,0.6000000000000001,3.8000000000000003
1688907428569,8,-0.2,2.9000000000000004
1688907428591,7.5,-0.4,3.4000000000000004
1688907428602,5.7,-0.9,2.9000000000000004
1688907428624,3.2,-1.7000000000000002,3
1688907428636,1.1,-2.9000000000000004,3.7
1688907428653,-0.30000000000000004,-2.6,1.2000000000000002
1688907428674,-0.5,-2.3000000000000003,0.7000000000000001
1688907428690,-2.4000000000000004,-1.5,-1.7000000000000002
1688907428702,-2.8000000000000003,-1,-4.2
1688907428723,-5.2,-1.1,-5.800000000000001
1688907428736,-3.3000000000000003,-1.6,-7
1688907428753,-2,-3.7,-6.300000000000001
1688907428775,-4.5,-3.6,-0.1
1688907428789,-4.9,-3.5,-0.8
1688907428802,-4.9,-3.5,-0.8
1688907428820,-2.9000000000000004,-0.5,-3.6
1688907428836,-2.9000000000000004,-0.5,-3.6
1688907428852,-1.2000000000000002,-1.1,-1.2000000000000002
1688907428873,-0.9,-1.7000000000000002,-1.2000000000000002
1688907428885,-1.8,-1.6,-0.7000000000000001
1688907428902,-3.1,-1.6,-0.9
1688907428923,-3.5,-1.6,-1.7000000000000002
1688907428936,-2.7,-0.2,-6.7
1688907428956,-2.9000000000000004,-0.8,-9.8
1688907428969,-2.7,-1,-4.3
1688907428985,-1.2000000000000002,-1,-0.5
1688907429005,-0.5,-1.9000000000000001,0
1688907429018,-0.6000000000000001,-1.5,-0.2
1688907429035,-1.1,-0.6000000000000001,0.5
1688907429054,-0.7000000000000001,-0.1,1.7000000000000002
1688907429068,-0.5,-0.8,2.1
1688907429087,-1.1,-1.4000000000000001,1.2000000000000002
1688907429102,-2.1,-1.6,-0.6000000000000001
1688907429120,-2.7,-1.5,-2.5
1688907429135,-3.2,-1.4000000000000001,-3.6
1688907429154,-3.3000000000000003,-1.1,-3.3000000000000003
1688907429168,-3.1,-0.5,-2.2
1688907429187,-1.8,0.5,-0.4
1688907429202,-0.9,1.4000000000000001,0.8
1688907429220,0.2,1.9000000000000001,0.6000000000000001
BREAK
Orientation Data 
Time [ms], x [°], y [°], z [°] 
1688907427185,359.8,7.7,0.2
1688907427201,0.7000000000000001,8.4,-0.6000000000000001
1688907427218,359.8,8.9,-1.3
1688907427235,359.20000000000005,9.600000000000001,-2.1
1688907427251,358.5,10.200000000000001,-2.8000000000000003
1688907427268,357.6,11.600000000000001,-4.5
1688907427285,357.20000000000005,12.5,-5.5
1688907427301,357.1,13.4,-6.6000000000000005
1688907427318,357.3,14.5,-7.9
1688907427335,0.1,18.6,-11.4
1688907427351,3.3000000000000003,22.900000000000002,-16.1
1688907427368,9.3,27.8,-23.5
1688907427385,29.700000000000003,37.7,-46.900000000000006
1688907427401,32.800000000000004,39.800000000000004,-52.7
1688907427418,35.9,41.800000000000004,-59
1688907427435,37.2,42.800000000000004,-63.5
1688907427451,38.5,42.6,-66.5
1688907427468,39.300000000000004,40.6,-67.7
1688907427485,39.7,36.5,-68.3
1688907427501,37.9,34.9,-69.5
1688907427518,38.6,30.8,-71.2
1688907427535,35.800000000000004,26.8,-73.10000000000001
1688907427552,32.6,22.8,-74.9
1688907427568,28.8,18.5,-76.4
1688907427585,24.700000000000003,14.100000000000001,-77.80000000000001
1688907427602,20.200000000000003,9.700000000000001,-79.4
1688907427618,14.8,5.4,-81.4
1688907427635,8.4,1.2000000000000002,-84
1688907427652,1.1,-2.9000000000000004,-86.2
1688907427668,353.6,-8.4,-87.30000000000001
1688907427685,343.20000000000005,-14.9,-87.80000000000001
1688907427702,141.1,-158.10000000000002,89.4
1688907427718,136.3,-157.4,86.9
1688907427735,133.8,-156.60000000000002,83.80000000000001
1688907427752,132.5,-155.60000000000002,82.60000000000001
1688907427768,131.6,-154.10000000000002,84.4
1688907427785,312.20000000000005,-27.3,-85
1688907427801,311.20000000000005,-26.5,-81.4
1688907427818,310.40000000000003,-24.400000000000002,-78
1688907427835,309.70000000000005,-20.900000000000002,-74.8
1688907427851,308.3,-17.1,-71.2
1688907427868,306.5,-13.100000000000001,-66.60000000000001
1688907427885,303.5,-8.8,-61.7
1688907427901,300,-4,-56.800000000000004
1688907427919,295.8,1.2000000000000002,-52.1
1688907427935,291.5,7.1000000000000005,-46.6
1688907427952,286.1,11.9,-40.900000000000006
1688907427968,281.1,16.1,-34.6
1688907427985,277.1,20.3,-28.6
1688907428001,273.8,25.400000000000002,-22.200000000000003
1688907428018,271.7,30.6,-17.1
1688907428035,270.2,36,-12.600000000000001
1688907428051,268.90000000000003,42.300000000000004,-7.9
1688907428068,268.5,48.1,-4.1000000000000005
1688907428085,269.1,53.300000000000004,-1.5
1688907428101,275.3,63,-0.8
1688907428118,281.7,67.10000000000001,-4
1688907428135,292.1,71.10000000000001,-11.5
1688907428152,307.1,73.9,-23.700000000000003
1688907428168,327,74.9,-41.300000000000004
1688907428185,346.6,73.2,-59.5
1688907428201,0.1,68.2,-72.3
1688907428218,4.1000000000000005,61.900000000000006,-74.7
1688907428235,4.2,51.300000000000004,-71.60000000000001
1688907428252,5.800000000000001,39.7,-66.2
1688907428268,7.300000000000001,27.400000000000002,-60.2
1688907428285,9.5,17.1,-55.5
1688907428301,10.700000000000001,6.300000000000001,-52.1
1688907428318,11.9,-4.5,-50.800000000000004
1688907428335,12.700000000000001,-12.8,-51.7
1688907428352,13.5,-18.3,-52.5
1688907428368,14.600000000000001,-22.400000000000002,-52.5
1688907428385,16.1,-24.900000000000002,-52.6
1688907428402,17.7,-27.200000000000003,-53
1688907428418,19.3,-28.900000000000002,-52.900000000000006
1688907428436,20.200000000000003,-30.3,-52.6
1688907428451,21,-31.1,-52.2
1688907428468,22.400000000000002,-31.3,-51.7
1688907428485,23.900000000000002,-31,-50.900000000000006
1688907428502,26,-29.400000000000002,-49.800000000000004
1688907428518,26.3,-28.1,-49.300000000000004
1688907428535,26.5,-26.400000000000002,-48.5
1688907428551,26.6,-24.200000000000003,-47.1
1688907428568,26.700000000000003,-21.8,-45.7
1688907428585,26.6,-19.5,-44.300000000000004
1688907428601,26.200000000000003,-16.400000000000002,-42.6
1688907428618,25.400000000000002,-12.600000000000001,-40.1
1688907428635,23.700000000000003,-9.1,-37.5
1688907428652,21.8,-5.4,-34.1
1688907428668,19.700000000000003,-2.1,-30.700000000000003
1688907428685,17.400000000000002,2.4000000000000004,-26
1688907428701,14.600000000000001,5.9,-22.400000000000002
1688907428718,12.3,10,-18.7
1688907428735,10,13.4,-16.6
1688907428752,8.8,16.6,-16.5
1688907428768,7.9,18.8,-17.3
1688907428785,6.800000000000001,20.6,-17.900000000000002
1688907428801,5,22.700000000000003,-17.1
1688907428818,3.3000000000000003,24.700000000000003,-15.3
1688907428835,3.2,26.400000000000002,-13.9
1688907428852,3.6,28,-13.4
1688907428868,3.8000000000000003,30.200000000000003,-13.3
1688907428902,3,33.2,-12.4
1688907428918,2.7,34.800000000000004,-12.100000000000001
1688907428935,2,36.800000000000004,-11.200000000000001
1688907428951,1.1,38.7,-9.200000000000001
1688907428968,1.9000000000000001,39,-9
1688907428985,2.2,38.300000000000004,-10.100000000000001
1688907429001,1,37.4,-10.600000000000001
1688907429018,359.70000000000005,36.7,-10.3
1688907429035,359,36.1,-10.200000000000001
1688907429051,358.3,35.7,-10.4
1688907429068,357.40000000000003,35.4,-10.5
1688907429085,356.40000000000003,35.5,-10.3
1688907429101,355.3,36,-9.8
1688907429118,354.3,36.800000000000004,-8.9
1688907429135,353.3,37.300000000000004,-8
1688907429151,352.70000000000005,37.5,-7.1000000000000005
1688907429168,352.5,37.300000000000004,-6.6000000000000005
1688907429185,352.8,36.9,-6.7
1688907429201,353.1,36.300000000000004,-7.300000000000001
1688907429218,353.20000000000005,36,-7.5
