Acceleration Data 
Time [ms], x [m/s²], y [m/s²], z [m/s²] 
1688567056845,-4.7,-5.5,5.4
1688567056863,-5.300000000000001,-6.2,7.2
1688567056876,-4.5,-5.7,7.7
1688567056894,-2.8000000000000003,-4.3,1.4000000000000001
1688567056909,-2.4000000000000004,3.4000000000000004,3.3000000000000003
1688567056927,-7.5,-3.3000000000000003,1
1688567056942,-8.200000000000001,-3.4000000000000004,5.1000000000000005
1688567056959,-6.300000000000001,-3.8000000000000003,7
1688567056976,-10.5,-6.2,8.3
1688567056994,-9.200000000000001,-7.2,7.4
1688567057009,-1.1,-5.6000000000000005,3.6
1688567057026,9.600000000000001,-1.6,1.8
1688567057045,14.700000000000001,0.8,10.9
1688567057060,14,2.2,14.100000000000001
1688567057076,16.1,2.1,11.8
1688567057094,22.400000000000002,5.5,9.600000000000001
1688567057109,27.5,8.3,9
1688567057126,18.900000000000002,1.6,10.9
1688567057144,14.8,-1.9000000000000001,7.6000000000000005
1688567057160,13.5,-4.6000000000000005,2.7
1688567057176,12.100000000000001,-6.4,-1.4000000000000001
1688567057192,12.5,-7.4,-4.9
1688567057211,10.200000000000001,-9.9,-9.200000000000001
1688567057226,8.200000000000001,-9,-10.200000000000001
1688567057244,6.9,-10.4,-10.600000000000001
1688567057260,5.9,-10.4,-7.9
1688567057276,4.4,-11.3,-6.6000000000000005
1688567057294,2.3000000000000003,-11.8,-6.1000000000000005
1688567057309,0.9,-12.700000000000001,-7
1688567057327,-0.2,-13.3,-8.5
1688567057346,-0.2,-13.3,-8.8
1688567057359,0.9,-13.5,-9.1
1688567057376,0.9,-14.100000000000001,-9.1
1688567057397,-0.4,-14.5,-8.1
1688567057414,-2.1,-14.8,-5.800000000000001
1688567057426,-2.6,-15.200000000000001,-5.800000000000001
1688567057449,-1.5,-14.8,-6.7
1688567057459,-1.5,-14.8,-6.7
1688567057480,-0.5,-15.200000000000001,-9.4
1688567057493,-0.5,-15.200000000000001,-9.4
1688567057512,-0.6000000000000001,-17.2,-10.100000000000001
1688567057526,-0.6000000000000001,-17.2,-10.100000000000001
1688567057543,0.1,-20.900000000000002,-9.3
1688567057559,0.1,-20.900000000000002,-9.3
1688567057578,3.7,-24.700000000000003,-7.9
1688567057592,5.7,-26.8,-8.200000000000001
1688567057609,8.1,-29.5,-7.6000000000000005
1688567057628,9.8,-31.900000000000002,-4.7
1688567057645,10.700000000000001,-34.300000000000004,1.2000000000000002
1688567057659,11.600000000000001,-34.800000000000004,8.200000000000001
1688567057678,13.600000000000001,-32.9,10.200000000000001
1688567057692,17.7,-31.1,8.1
1688567057709,16.400000000000002,-29.6,12.4
1688567057726,14.8,-28,14.8
1688567057743,14.5,-25.1,15.600000000000001
1688567057759,16.2,-21.400000000000002,16.400000000000002
1688567057780,17.2,-16.8,17.7
1688567057793,18,-12.100000000000001,17.1
1688567057813,20.5,-4.4,15.700000000000001
1688567057827,20.5,-4.4,15.700000000000001
1688567057844,21.5,-2.2,14.4
1688567057865,19.5,0.2,15.600000000000001
1688567057877,19.5,0.2,15.600000000000001
1688567057897,15.5,0.7000000000000001,18.1
1688567057917,15.100000000000001,0.4,18
1688567057927,15.100000000000001,0.4,18
1688567057946,14.9,-3,15.8
1688567057960,13.4,-4.9,14.100000000000001
1688567057980,11,-7,11.8
1688567057992,9.4,-8.8,9.3
1688567058014,9.1,-9.700000000000001,6.9
1688567058027,10.3,-9.8,4.6000000000000005
1688567058043,9.4,-10.600000000000001,2.2
1688567058060,7.4,-11.700000000000001,0.5
1688567058077,7.1000000000000005,-12.100000000000001,0.5
1688567058097,8.1,-12.9,0.30000000000000004
1688567058113,7.1000000000000005,-13.700000000000001,0.9
1688567058126,4.9,-14.100000000000001,2.8000000000000003
1688567058143,3,-14.3,3.4000000000000004
1688567058164,3.4000000000000004,-14.3,2.8000000000000003
1688567058179,4.3,-14.9,0.5
1688567058193,4.3,-14.700000000000001,-1.2000000000000002
1688567058214,4,-14.3,-2.1
1688567058226,3.9000000000000004,-14.4,-3.8000000000000003
1688567058248,2.2,-14.700000000000001,-6
1688567058259,2.2,-14.700000000000001,-6
1688567058280,-1.7000000000000002,-15.5,-7.4
1688567058293,-1.7000000000000002,-15.5,-7.4
1688567058314,-3.7,-14.8,-6.4
1688567058326,-3.7,-14.8,-6.4
1688567058348,-4.1000000000000005,-17.1,-2.8000000000000003
1688567058360,-4.5,-18.400000000000002,-0.7000000000000001
1688567058380,-3.8000000000000003,-19.900000000000002,0.4
1688567058393,-2.5,-21.5,0.1
1688567058409,0,-22.8,-0.4
1688567058430,2.9000000000000004,-23,-0.5
1688567058443,5,-22.700000000000003,-1
1688567058463,5,-22,-1.3
1688567058481,2.6,-23,-1.8
1688567058493,1.3,-23.6,-1.8
1688567058515,1.1,-24.400000000000002,-1.7000000000000002
1688567058527,2.8000000000000003,-24.1,-1.3
1688567058543,5.1000000000000005,-23.700000000000003,-2.1
1688567058563,7.300000000000001,-23.1,-1.2000000000000002
1688567058579,8.8,-24.3,5.5
1688567058593,12.8,-22.700000000000003,13.700000000000001
1688567058614,19.200000000000003,-18.2,18.8
1688567058626,22.900000000000002,-13.4,16.400000000000002
1688567058649,20,-6.300000000000001,11.8
1688567058660,20,-6.300000000000001,11.8
1688567058682,16.2,-3.6,12.8
1688567058693,16.2,-3.6,12.8
1688567058710,16.6,-2,12.600000000000001
1688567058726,14.9,-1.6,12.700000000000001
1688567058748,16.900000000000002,1.2000000000000002,11.8
1688567058760,16.900000000000002,1.2000000000000002,11.8
1688567058781,13,2.2,5.5
1688567058798,13,2.9000000000000004,5.1000000000000005
1688567058810,13.100000000000001,3.2,6.300000000000001
1688567058826,12.600000000000001,3.2,6.800000000000001
1688567058847,11.600000000000001,3,5.4
1688567058863,10.200000000000001,3,3.4000000000000004
1688567058876,7.7,1.1,3
1688567058894,6,1.6,-0.4
1688567058914,5.1000000000000005,1.1,0.6000000000000001
1688567058930,4.1000000000000005,0.7000000000000001,-0.6000000000000001
1688567058943,2.6,0.7000000000000001,-0.6000000000000001
1688567058964,2.6,-1.1,-1.6
1688567058976,1.5,-2.2,-3
1688567058996,0.2,-2.5,-3.8000000000000003
1688567059009,-0.1,-3,-3.6
1688567059026,-0.30000000000000004,-2.9000000000000004,-3.8000000000000003
1688567059049,0.6000000000000001,-2,-0.7000000000000001
1688567059060,0.6000000000000001,-2,-0.7000000000000001
1688567059083,0.8,-2.3000000000000003,-2.7
1688567059093,0.8,-2.3000000000000003,-2.7
1688567059110,0.5,-1.4000000000000001,-2.3000000000000003
1688567059126,1.4000000000000001,-0.9,1.2000000000000002
1688567059147,2.5,-1.7000000000000002,4.800000000000001
1688567059159,2.5,-1.7000000000000002,4.800000000000001
1688567059180,0.2,-3.6,1.9000000000000001
1688567059192,0,-2.1,-4.1000000000000005
1688567059216,-1.7000000000000002,-1.9000000000000001,-8.9
1688567059229,-1.8,-2,-4.1000000000000005
1688567059242,0.8,-1.7000000000000002,-0.6000000000000001
1688567059259,2.7,-2.3000000000000003,-1.4000000000000001
1688567059277,1.4000000000000001,-2,-2.1
1688567059294,-0.1,-1,-1.8
1688567059309,-0.30000000000000004,-1,-1.2000000000000002
1688567059327,0.30000000000000004,-1.5,0.2
1688567059342,0.5,-1.5,1.1
1688567059360,0.4,-1.3,1.4000000000000001
1688567059375,0.7000000000000001,-1.2000000000000002,1
1688567059394,1,-1.2000000000000002,-0.1
1688567059409,0.9,-1.2000000000000002,-1
1688567059427,0.5,-1.6,-1.5
1688567059442,-0.2,-1.5,-0.8
1688567059461,-0.4,-1,-0.6000000000000001
1688567059476,-0.30000000000000004,-0.5,-0.5
BREAK
Orientation Data 
Time [ms], x [°], y [°], z [°] 
1688567056825,354.8,-2.3000000000000003,4.7
1688567056842,356.5,-2.3000000000000003,3
1688567056859,358.6,-1.5,0.30000000000000004
1688567056875,359,-0.30000000000000004,-1.4000000000000001
1688567056892,359.5,1.6,-1.8
1688567056909,2.7,2.6,-2.3000000000000003
1688567056925,3.8000000000000003,2.9000000000000004,-1.4000000000000001
1688567056942,5.800000000000001,3.1,-0.7000000000000001
1688567056959,8.5,3.6,-1.4000000000000001
1688567056975,10.100000000000001,4.7,-1.9000000000000001
1688567056992,12,6.2,-2.1
1688567057009,14.200000000000001,8,-1.3
1688567057025,19.200000000000003,9.5,-0.30000000000000004
1688567057042,26.5,11.100000000000001,-1.3
1688567057059,34.1,13.9,-5.1000000000000005
1688567057075,38.300000000000004,17.3,-8.6
1688567057092,40.6,21.400000000000002,-11.600000000000001
1688567057109,42.6,25.700000000000003,-13.3
1688567057125,45.6,28.700000000000003,-13.700000000000001
1688567057142,46.1,32.4,-13.4
1688567057159,45.300000000000004,37.5,-12.700000000000001
1688567057175,45.300000000000004,47.300000000000004,-11.700000000000001
1688567057192,44.2,52.7,-11.100000000000001
1688567057209,42.2,58.6,-9.700000000000001
1688567057225,41.2,62.7,-8.3
1688567057242,36.7,67,-4.6000000000000005
1688567057259,32.5,69.7,-0.30000000000000004
1688567057275,26.900000000000002,71.60000000000001,5.1000000000000005
1688567057292,22.200000000000003,73.10000000000001,10
1688567057309,14.200000000000001,74.7,17.400000000000002
1688567057325,7.9,76.10000000000001,23.3
1688567057342,4.1000000000000005,77.30000000000001,26.8
1688567057359,359.6,78.4,30.6
1688567057375,358.40000000000003,79.30000000000001,30.900000000000002
1688567057392,358.40000000000003,79.9,30.1
1688567057409,0.5,80.2,27
1688567057425,5.9,81,20.6
1688567057443,16.400000000000002,82.5,9
1688567057459,39.2,83.9,-14.9
1688567057475,87.30000000000001,83.9,-64.8
1688567057492,308.1,101.2,71.5
1688567057509,300.40000000000003,101.80000000000001,76.60000000000001
1688567057525,288.90000000000003,102.4,85.4
1688567057542,95.7,76.2,-84.2
1688567057559,84.2,74.3,-75.7
1688567057575,72.9,70.7,-67
1688567057592,57.1,61.6,-58.800000000000004
1688567057609,51.400000000000006,56.900000000000006,-57.1
1688567057625,46,50,-55.2
1688567057642,39.400000000000006,43.2,-53.900000000000006
1688567057659,33.4,36.7,-52.900000000000006
1688567057675,28.5,28.3,-52.400000000000006
1688567057692,22.8,22.200000000000003,-53.2
1688567057709,19.3,15.9,-55.1
1688567057725,15,9.4,-58.1
1688567057742,9.4,4.4,-60.300000000000004
1688567057759,5.6000000000000005,-1.7000000000000002,-62.800000000000004
1688567057775,0.6000000000000001,-6.300000000000001,-64.60000000000001
1688567057792,356.70000000000005,-10.8,-66.7
1688567057809,352.40000000000003,-15,-69.3
1688567057825,348,-17.6,-71.3
1688567057843,344.70000000000005,-20.3,-73.10000000000001
1688567057859,340.3,-22.3,-74.10000000000001
1688567057876,335.40000000000003,-23.1,-74.5
1688567057892,331.1,-23.400000000000002,-74.8
1688567057909,326.20000000000005,-23,-74.60000000000001
1688567057925,321.5,-22,-73.8
1688567057942,317.20000000000005,-20.400000000000002,-72.4
1688567057959,313.3,-18.5,-70.9
1688567057975,307.1,-12.200000000000001,-66.7
1688567058009,302.3,-4,-61.2
1688567058025,300.3,0.8,-57.300000000000004
1688567058042,297.7,5.1000000000000005,-53.6
1688567058059,295.1,9.5,-49.6
1688567058076,292,13.5,-45.2
1688567058092,288.3,16.8,-40.2
1688567058109,284.3,19.6,-34.300000000000004
1688567058125,279.90000000000003,21.8,-27.8
1688567058142,275.5,23.700000000000003,-21.1
1688567058159,271.40000000000003,25.6,-14.4
1688567058175,268.2,27.200000000000003,-8.5
1688567058192,264.6,29.400000000000002,-0.4
1688567058209,262,31.5,6.7
1688567058226,259.5,33.7,13.8
1688567058242,257,36.1,20.700000000000003
1688567058259,254.20000000000002,38.400000000000006,27.6
1688567058275,251.4,40.800000000000004,34
1688567058292,248.60000000000002,43,40.1
1688567058309,246.20000000000002,45.300000000000004,45.400000000000006
1688567058325,244.4,47.6,49.7
1688567058342,243.3,50,53.1
1688567058359,242.4,52.900000000000006,56.300000000000004
1688567058375,244.3,58.6,59.800000000000004
1688567058392,246.4,63.7,61.2
1688567058425,259.2,74.60000000000001,57.2
1688567058442,274.8,80.2,45.5
1688567058459,313.1,84.10000000000001,10.5
1688567058476,9.700000000000001,83.2,-43.300000000000004
1688567058492,35,78.7,-66.3
1688567058509,43.6,73.10000000000001,-72.5
1688567058525,46.300000000000004,66.7,-72.10000000000001
1688567058542,47.2,60.800000000000004,-69.10000000000001
1688567058559,46.900000000000006,53,-64.3
1688567058575,48.1,46.300000000000004,-60.900000000000006
1688567058592,48.800000000000004,39.5,-59.2
1688567058609,48.800000000000004,32.9,-57.900000000000006
1688567058625,48.7,26.700000000000003,-55.800000000000004
1688567058642,49.6,22,-53
1688567058659,51,16.900000000000002,-49.400000000000006
1688567058675,53.300000000000004,13.200000000000001,-47
1688567058692,55,9.9,-45.5
1688567058709,56.7,7.2,-43.900000000000006
1688567058726,58.300000000000004,4.1000000000000005,-41.2
1688567058742,60.400000000000006,2,-39
1688567058759,62.1,0.4,-36.9
1688567058775,64.10000000000001,-0.4,-35.2
1688567058792,68.8,0,-32.5
1688567058809,70.60000000000001,0.5,-31.200000000000003
1688567058826,72.3,1.4000000000000001,-29.700000000000003
1688567058842,74,2.7,-28.5
1688567058859,75.10000000000001,4.7,-27.1
1688567058875,76,6.9,-25.1
1688567058893,76.4,8.9,-22.200000000000003
1688567058909,76.10000000000001,11,-17.2
1688567058925,75.60000000000001,13,-11.9
1688567058942,75.10000000000001,15,-7.2
1688567058959,74.3,17.3,-2.9000000000000004
1688567058975,73.4,20.1,0.2
1688567058992,72.5,23.3,1.8
1688567059009,71.3,26.700000000000003,2.1
1688567059025,70,29.5,2
1688567059042,69.3,33,0.9
1688567059059,68.4,35,0
1688567059075,67.60000000000001,37.2,-0.4
1688567059092,66.7,39.300000000000004,0.2
1688567059109,66.2,40.7,1.2000000000000002
1688567059126,65.8,41.900000000000006,2.1
1688567059142,66.10000000000001,42.900000000000006,2
1688567059159,66.60000000000001,43.7,1
1688567059175,64.7,46.300000000000004,1.1
1688567059209,61.2,50.300000000000004,6.5
1688567059225,62.2,51.300000000000004,7.2
1688567059242,63.1,51.5,5.7
1688567059259,62.300000000000004,51.300000000000004,4.800000000000001
1688567059275,61.7,50.900000000000006,4.9
1688567059292,61.400000000000006,50.300000000000004,5.1000000000000005
1688567059309,61.2,49.7,4.9
1688567059325,61,49.1,4.3
1688567059342,60.7,48.5,3.6
1688567059359,60.400000000000006,48,2.8000000000000003
1688567059375,59.400000000000006,47.900000000000006,2.4000000000000004
1688567059392,58.800000000000004,48.1,2.1
1688567059409,57.900000000000006,48.2,2.5
1688567059425,56.900000000000006,48.2,3.2
1688567059442,56.1,47.900000000000006,4.1000000000000005
1688567059459,55.5,47.5,4.800000000000001
1688567059475,55,47.2,5.2
