Acceleration Data 
Time [ms], x [m/s²], y [m/s²], z [m/s²] 
1688907012272,0.6000000000000001,2,-3.4000000000000004
1688907012288,-1.2000000000000002,1,-4.9
1688907012305,-2.8000000000000003,0.30000000000000004,-3.9000000000000004
1688907012322,-3.8000000000000003,-1,-5.300000000000001
1688907012338,-4.4,-2.2,-6.7
1688907012355,-5.6000000000000005,-4.2,-5.4
1688907012372,-7.300000000000001,-4.800000000000001,-3.9000000000000004
1688907012388,-6,-5.5,-4.2
1688907012405,-5.2,-6.2,-5.300000000000001
1688907012422,-3.8000000000000003,-6.800000000000001,-6.300000000000001
1688907012438,-2.7,-7.1000000000000005,-6.7
1688907012455,-3,-7.300000000000001,-6.300000000000001
1688907012472,-4,-7.5,-6.5
1688907012488,-4.1000000000000005,-7.800000000000001,-5.7
1688907012505,-3.3000000000000003,-9,-5.1000000000000005
1688907012522,-2.3000000000000003,-9.600000000000001,-3.6
1688907012538,-0.7000000000000001,-10,0.1
1688907012556,0.30000000000000004,-10.8,3.2
1688907012572,2.4000000000000004,-12.100000000000001,4.7
1688907012588,3.4000000000000004,-14.4,3
1688907012605,6.1000000000000005,-17.1,-0.4
1688907012622,10.700000000000001,-18.2,-3.4000000000000004
1688907012640,13,-16.8,-5.800000000000001
1688907012654,13.4,-16.400000000000002,-2.3000000000000003
1688907012672,14.9,-16.5,2.3000000000000003
1688907012689,16.2,-16.3,4.5
1688907012705,18.2,-16.1,4.6000000000000005
1688907012722,24.700000000000003,-14.4,3
1688907012739,31.400000000000002,-10.700000000000001,-1.3
1688907012756,27.900000000000002,-8.3,-3.3000000000000003
1688907012772,18.400000000000002,-10,-1.7000000000000002
1688907012789,19.1,-9,-1.5
1688907012805,18,-9.600000000000001,-1.5
1688907012822,15.700000000000001,-9.4,-2.6
1688907012839,13.100000000000001,-9.5,-4.800000000000001
1688907012856,10.9,-9,-6.6000000000000005
1688907012872,10.100000000000001,-8.5,-5.2
1688907012889,11,-7.6000000000000005,-3.2
1688907012905,11.3,-6.300000000000001,-3.2
1688907012924,9.600000000000001,-6.800000000000001,-3.8000000000000003
1688907012939,7.1000000000000005,-7.4,-5.6000000000000005
1688907012956,5.6000000000000005,-7.1000000000000005,-8.1
1688907012972,4.800000000000001,-8.1,-7.5
1688907012989,5.7,-7.1000000000000005,-4.6000000000000005
1688907013005,6.5,-7.1000000000000005,-1.1
1688907013022,5.9,-7.2,-1.6
1688907013039,4.7,-7.4,-3.5
1688907013055,1.5,-8,-5.6000000000000005
1688907013072,0.7000000000000001,-8.4,-7.5
1688907013089,0.7000000000000001,-7.800000000000001,-7.4
1688907013111,4,-6.4,-0.9
1688907013122,4,-6.4,-0.9
1688907013138,3.9000000000000004,-7.1000000000000005,0.8
1688907013155,3.4000000000000004,-7.5,0.9
1688907013172,2.6,-7.800000000000001,-0.9
1688907013188,2,-8.1,-2.6
1688907013206,1.6,-7.9,-6.1000000000000005
1688907013222,1.4000000000000001,-8.1,-6.300000000000001
1688907013239,0.9,-8.1,-5.5
1688907013255,0.7000000000000001,-7.9,-4.2
1688907013272,-0.5,-9.200000000000001,-4.4
1688907013289,-1,-8.3,-3.9000000000000004
1688907013305,0.5,-8.3,-3.5
1688907013322,0.8,-8.5,-3.6
1688907013338,0.8,-8.8,-3.9000000000000004
1688907013355,0.5,-9.200000000000001,-4.800000000000001
1688907013373,-0.1,-9.600000000000001,-5.300000000000001
1688907013389,0,-9.5,-5.300000000000001
1688907013405,0.5,-9.8,-5.5
1688907013422,1.6,-9.9,-5.300000000000001
1688907013438,2.3000000000000003,-10.5,-5.300000000000001
1688907013455,1.5,-11.9,-5.4
1688907013472,0,-12.5,-5.6000000000000005
1688907013489,-0.6000000000000001,-12.600000000000001,-5.800000000000001
1688907013506,0.2,-13.4,-5.6000000000000005
1688907013522,2.3000000000000003,-13,-5.4
1688907013539,4.1000000000000005,-12.4,-6.6000000000000005
1688907013556,4.1000000000000005,-13.5,-9.8
1688907013572,3.5,-15.5,-10.700000000000001
1688907013589,3.2,-21.1,-5.800000000000001
1688907013605,3.2,-21.1,-5.800000000000001
1688907013622,12.3,-22.200000000000003,1.1
1688907013639,17.1,-19.3,10.600000000000001
1688907013656,18.8,-13.9,20.200000000000003
1688907013672,15.100000000000001,-12.100000000000001,18
1688907013689,12.9,-10.9,12.3
1688907013705,12.200000000000001,-9.5,12.200000000000001
1688907013722,10.600000000000001,-8.700000000000001,15.200000000000001
1688907013738,9,-6.5,16.5
1688907013755,7.2,-4.7,15.9
1688907013772,6,-3,13.5
1688907013789,6.2,-1.7000000000000002,11.5
1688907013805,7,-0.4,9.9
1688907013822,6.1000000000000005,-0.8,10.100000000000001
1688907013838,3.4000000000000004,-1.7000000000000002,12
1688907013855,1.5,-2,11.600000000000001
1688907013872,-0.5,-2.5,10.8
1688907013889,0.6000000000000001,-1.4000000000000001,8.200000000000001
1688907013906,0.1,-1.5,7.1000000000000005
1688907013922,-0.4,-2.1,6.800000000000001
1688907013938,-2.2,-3.6,5.5
1688907013955,-2.2,-3.6,5.5
1688907013972,-2.3000000000000003,-4.2,2.4000000000000004
1688907013989,-0.5,-3.8000000000000003,1.6
1688907014005,-0.4,-3.5,0.7000000000000001
1688907014022,-1,-3.5,-0.1
1688907014039,-0.1,-2.7,-1.1
1688907014056,-0.4,-2.2,-1.3
1688907014072,-0.9,-2.1,-1.8
1688907014089,-1.1,-2,-2.5
1688907014105,0.6000000000000001,-2.1,-2.4000000000000004
1688907014122,0.5,-1.6,-3.8000000000000003
1688907014139,-1.1,-0.4,-5
1688907014156,-1.9000000000000001,0,-3.9000000000000004
1688907014172,-1.5,-0.5,-2.6
1688907014189,0,-1,-2.8000000000000003
1688907014205,0.2,-1,-2.4000000000000004
1688907014222,0.2,-0.9,-1.2000000000000002
1688907014239,0.30000000000000004,-0.7000000000000001,-0.4
1688907014255,0.9,-0.7000000000000001,-0.9
1688907014272,1.1,-1.4000000000000001,-0.6000000000000001
1688907014289,0.5,-2,-1.7000000000000002
1688907014312,-3,-0.5,-6.9
1688907014322,-3,-0.5,-6.9
1688907014338,-1.1,-0.4,-1.9000000000000001
1688907014355,1.6,-1.3,-2.2
1688907014374,0.9,-0.7000000000000001,-1.8
1688907014388,0.9,-0.7000000000000001,-1.8
1688907014407,0.30000000000000004,-0.4,-0.2
1688907014421,0.8,-0.9,0.7000000000000001
1688907014438,0.8,-0.1,1.4000000000000001
1688907014455,-0.1,1.7000000000000002,-0.5
1688907014471,-0.30000000000000004,1.4000000000000001,-3.3000000000000003
1688907014488,0.30000000000000004,0.4,-4.2
1688907014505,0.4,0.2,-3.5
1688907014521,0.4,0.1,-2.7
1688907014538,0.6000000000000001,-0.2,-1.5
1688907014555,0.5,-0.30000000000000004,-0.7000000000000001
1688907014571,0.9,0.1,-0.4
1688907014588,1.2000000000000002,0.30000000000000004,-0.7000000000000001
BREAK
Orientation Data 
Time [ms], x [°], y [°], z [°] 
1688907012104,0.4,11.8,-0.4
1688907012121,0.4,11.600000000000001,-0.4
1688907012138,0.9,11.3,-0.4
1688907012155,1.4000000000000001,11.100000000000001,-0.4
1688907012171,1.8,10.8,-0.4
1688907012188,2.2,10.5,-0.30000000000000004
1688907012205,2.6,10.200000000000001,-0.2
1688907012222,2.9000000000000004,9.8,-0.1
1688907012238,3.2,9.5,0.1
1688907012254,3.7,10.700000000000001,0
1688907012271,4.1000000000000005,10.8,0.1
1688907012288,5.1000000000000005,13.700000000000001,-0.5
1688907012304,4,16.900000000000002,-1.6
1688907012321,1.8,20.5,-2.5
1688907012338,358.6,23.700000000000003,-2.5
1688907012354,356.70000000000005,26.400000000000002,-2.4000000000000004
1688907012371,355.5,29.5,-2.6
1688907012388,354.70000000000005,32.300000000000004,-3.3000000000000003
1688907012404,354.70000000000005,35.4,-4.800000000000001
1688907012421,355.3,38.900000000000006,-7.2
1688907012438,355.70000000000005,42.400000000000006,-9.9
1688907012454,357.40000000000003,47.6,-14.700000000000001
1688907012471,358.3,48.800000000000004,-15.5
1688907012488,0.1,49.2,-15.5
1688907012504,4,49,-15.8
1688907012521,8.5,48.5,-16.7
1688907012538,14.4,47.5,-18.7
1688907012555,20.200000000000003,46.300000000000004,-20.900000000000002
1688907012571,26.5,45.300000000000004,-23.200000000000003
1688907012588,33.4,44.800000000000004,-26
1688907012604,40.900000000000006,44.6,-29.1
1688907012621,49.900000000000006,44,-32.9
1688907012638,59.800000000000004,42.6,-36.7
1688907012655,69.2,40.400000000000006,-39.1
1688907012671,77.5,37.300000000000004,-40.6
1688907012688,84.4,34.2,-41.800000000000004
1688907012704,90.80000000000001,31.700000000000003,-44
1688907012721,97.4,29.900000000000002,-47.900000000000006
1688907012738,104.10000000000001,28.400000000000002,-52.1
1688907012755,110.9,27.200000000000003,-55.300000000000004
1688907012771,117.5,26.400000000000002,-56.900000000000006
1688907012788,123.7,25.3,-57.7
1688907012805,128.70000000000002,24,-58.5
1688907012821,135.1,22.3,-59.300000000000004
1688907012838,146.8,16.7,-60
1688907012854,151.3,13.700000000000001,-61.1
1688907012871,156.70000000000002,8.5,-63
1688907012888,160.60000000000002,8,-64.5
1688907012904,164.10000000000002,9.9,-65.5
1688907012922,167.70000000000002,12.200000000000001,-66.3
1688907012938,171.4,14.3,-66.7
1688907012954,174.4,17.2,-67.2
1688907012972,178.20000000000002,19.400000000000002,-68.2
1688907012988,181.4,21.8,-70.2
1688907013004,184.8,23.6,-72.3
1688907013021,187.20000000000002,25.8,-74.60000000000001
1688907013038,190.10000000000002,28.400000000000002,-76.5
1688907013054,193.3,31.1,-78.4
1688907013071,196.5,33.5,-80.30000000000001
1688907013088,199.4,35.9,-82.60000000000001
1688907013105,202.20000000000002,38.2,-85.10000000000001
1688907013121,204.20000000000002,40.2,-87
1688907013138,205.4,42.400000000000006,-88.80000000000001
1688907013154,26.700000000000003,135.1,89.2
1688907013171,28.3,132.5,87.10000000000001
1688907013188,30.6,129.9,84.60000000000001
1688907013205,33.4,127.4,82
1688907013221,36.1,125.2,79.60000000000001
1688907013238,39.400000000000006,121.30000000000001,76.9
1688907013254,39.6,119.10000000000001,76.80000000000001
1688907013271,38.900000000000006,116.60000000000001,77.2
1688907013288,37.300000000000004,114.60000000000001,78
1688907013304,35.4,113.2,79.10000000000001
1688907013321,33,111.5,80.5
1688907013338,30,110.10000000000001,81.80000000000001
1688907013354,26.400000000000002,108.5,83.9
1688907013372,21.400000000000002,107.4,86.4
1688907013388,15.8,106.7,89.80000000000001
1688907013404,187.5,73.7,-83.60000000000001
1688907013421,179,73.5,-77.60000000000001
1688907013438,169.20000000000002,72.7,-69.3
1688907013454,160,71.60000000000001,-62.800000000000004
1688907013472,151,69.9,-55.900000000000006
1688907013488,140.70000000000002,66.2,-47.800000000000004
1688907013504,134.1,64.7,-46.2
1688907013521,130.70000000000002,61.2,-43.6
1688907013538,126.5,57.1,-42
1688907013554,122.4,53.1,-41.6
1688907013571,118.60000000000001,48.7,-41.7
1688907013588,114.5,43.5,-42.1
1688907013604,110.10000000000001,37.300000000000004,-43.300000000000004
1688907013621,101.30000000000001,23.700000000000003,-47.400000000000006
1688907013638,97.7,15.3,-49.5
1688907013654,91.80000000000001,9.200000000000001,-50.7
1688907013671,87.10000000000001,3.3000000000000003,-51.300000000000004
1688907013688,81.2,-0.30000000000000004,-51.7
1688907013704,76.7,-2.6,-52.5
1688907013721,73.2,-4.7,-53.6
1688907013738,69.2,-6.4,-54.2
1688907013754,65.4,-7.9,-53.800000000000004
1688907013771,61.5,-8.700000000000001,-52.800000000000004
1688907013788,58.5,-9.1,-51.5
1688907013804,56,-9,-49.900000000000006
1688907013821,53.6,-8.5,-48.5
1688907013838,51.400000000000006,-7.300000000000001,-47
1688907013854,48.6,-5.7,-45.6
1688907013871,46.400000000000006,-3.9000000000000004,-44.2
1688907013888,44.800000000000004,-1.4000000000000001,-42.2
1688907013904,43.5,0.9,-40.2
1688907013921,42.400000000000006,3.9000000000000004,-37.800000000000004
1688907013938,41.1,6.800000000000001,-35.1
1688907013954,40,9.5,-32.6
1688907013971,38.800000000000004,13.5,-29.900000000000002
1688907013988,38.2,16.8,-28.200000000000003
1688907014004,37.6,20.700000000000003,-25.900000000000002
1688907014021,37.7,24,-23.5
1688907014038,37.9,29.5,-18.1
1688907014054,38.2,32.6,-15.5
1688907014071,39.1,35.300000000000004,-13.9
1688907014088,39.5,37.9,-12.100000000000001
1688907014104,40,40,-10.700000000000001
1688907014121,39.6,42.5,-8.200000000000001
1688907014138,39.7,44.1,-5.4
1688907014155,39.7,45.7,-3
1688907014171,40.1,46.7,-1.5
1688907014188,40.300000000000004,47.5,-0.4
1688907014204,40.5,48.1,0.6000000000000001
1688907014221,40.800000000000004,48.7,1.6
1688907014238,41,49.400000000000006,2.6
1688907014254,41,50.400000000000006,3.6
1688907014271,40.7,51.5,4.9
1688907014288,40.2,52.900000000000006,6.7
1688907014305,40,54.1,8.5
1688907014321,39.2,55.6,11
1688907014338,41.300000000000004,56.2,10.600000000000001
1688907014354,41.800000000000004,56.400000000000006,9.700000000000001
1688907014371,42.300000000000004,56.2,9.3
1688907014388,43.300000000000004,55.5,9.1
1688907014404,44.2,54.5,9.4
1688907014421,45.2,53.400000000000006,9.9
1688907014438,47.5,51.1,11.100000000000001
1688907014454,48.400000000000006,50.7,11.9
1688907014471,49.6,51.2,12.200000000000001
1688907014488,50.800000000000004,51.900000000000006,12.200000000000001
1688907014504,52.1,52.300000000000004,11.600000000000001
1688907014521,53.1,52.6,10.5
1688907014538,54,52.800000000000004,9.3
1688907014554,54.7,52.800000000000004,8.5
1688907014571,55.6,52.7,7.7
1688907014588,56.7,52.6,7.1000000000000005
