Acceleration Data 
Time [ms], x [m/s²], y [m/s²], z [m/s²] 
1688907025997,12.8,1.4000000000000001,5.800000000000001
1688907026014,13.9,1.6,5.9
1688907026030,13.9,1.1,5.5
1688907026047,12.9,-0.2,4.2
1688907026064,12,-1.4000000000000001,2
1688907026080,11.600000000000001,-2.1,0.2
1688907026097,11.4,-2,-1
1688907026114,11.8,-1.7000000000000002,-1.5
1688907026130,11.200000000000001,-2.6,-1.2000000000000002
1688907026147,11.200000000000001,-2.6,-1.2000000000000002
1688907026164,9.700000000000001,-3.1,-1.9000000000000001
1688907026181,10,-2.8000000000000003,-2.2
1688907026197,10.4,-2.4000000000000004,-2.7
1688907026214,10.100000000000001,-2.5,-2.7
1688907026231,9.8,-3.2,-1.7000000000000002
1688907026248,9.1,-3.9000000000000004,-1.2000000000000002
1688907026263,8,-4.5,-1.8
1688907026281,7.300000000000001,-4.9,-2.9000000000000004
1688907026297,7,-4.9,-3.4000000000000004
1688907026315,7.300000000000001,-4.9,-3.4000000000000004
1688907026331,7,-4.7,-2.9000000000000004
1688907026347,6.1000000000000005,-5.2,-3.1
1688907026364,5.1000000000000005,-5.800000000000001,-3.4000000000000004
1688907026381,4.1000000000000005,-6.2,-3.9000000000000004
1688907026398,3.7,-6.4,-4.4
1688907026415,3.3000000000000003,-6.2,-4.4
1688907026431,2.4000000000000004,-6.1000000000000005,-4.7
1688907026447,1.7000000000000002,-6.6000000000000005,-4.6000000000000005
1688907026464,0.8,-7,-4.6000000000000005
1688907026481,1.1,-8,-5.300000000000001
1688907026498,0.30000000000000004,-8.4,-5.1000000000000005
1688907026514,-0.1,-9,-4.5
1688907026531,-0.5,-9.200000000000001,-3.8000000000000003
1688907026548,-0.8,-9.9,-3.7
1688907026564,-0.2,-10.4,-3.2
1688907026581,3.2,-10.4,1.3
1688907026598,3.1,-9.700000000000001,2.1
1688907026614,2.7,-9.200000000000001,1.8
1688907026631,2.3000000000000003,-9.600000000000001,3.6
1688907026647,0.7000000000000001,-10,8.4
1688907026664,0.9,-8.9,13.4
1688907026681,2.2,-5.300000000000001,17
1688907026697,3,-2.7,18.5
1688907026714,1.7000000000000002,-1.5,20.5
1688907026731,-0.30000000000000004,-1.6,22.3
1688907026748,-1.7000000000000002,-1.8,23.6
1688907026765,-1.7000000000000002,-1.4000000000000001,22.5
1688907026781,-0.4,0.4,20.3
1688907026798,0.5,1.5,18.3
1688907026815,0.2,1.5,16.2
1688907026831,-0.5,0.9,14.100000000000001
1688907026848,-1,0.1,12
1688907026864,-1.2000000000000002,-0.9,11.8
1688907026881,-1.2000000000000002,-1.7000000000000002,12
1688907026897,-0.6000000000000001,-2.1,11.8
1688907026914,-0.30000000000000004,-2.7,11.200000000000001
1688907026931,-0.30000000000000004,-3.8000000000000003,9.4
1688907026948,-0.5,-4.7,7.4
1688907026964,-1.4000000000000001,-5.5,6.5
1688907026981,-1.6,-6.300000000000001,6
1688907026997,-1.5,-7,5.1000000000000005
1688907027015,-1.6,-7.7,3.7
1688907027031,-1.6,-7.7,3.7
1688907027048,-3.4000000000000004,-8.4,1
1688907027064,-4.5,-8.5,0.8
1688907027081,-5,-8.9,1.4000000000000001
1688907027097,-5.300000000000001,-9.5,2.4000000000000004
1688907027116,-5.7,-10.4,2.2
1688907027131,-5.5,-10.100000000000001,0.8
1688907027148,-4.6000000000000005,-9.700000000000001,-0.5
1688907027164,-4.1000000000000005,-9.4,-0.4
1688907027181,-3.5,-9.4,-1.2000000000000002
1688907027198,-4.3,-10,-4.2
1688907027214,-6,-10.700000000000001,-5.9
1688907027231,-5.300000000000001,-10.200000000000001,-4.1000000000000005
1688907027247,-6.7,-11.100000000000001,-2.9000000000000004
1688907027265,-4.4,-10.5,-1
1688907027281,-1,-9.8,0.7000000000000001
1688907027297,1.1,-8.3,1.7000000000000002
1688907027315,1.8,-6.5,2.3000000000000003
1688907027331,1.9000000000000001,-5.800000000000001,2.4000000000000004
1688907027348,1.4000000000000001,-6,1.6
1688907027364,-0.9,-7.2,0.2
1688907027381,-0.9,-7.2,0.2
1688907027397,-1,-7.1000000000000005,0.2
1688907027413,-0.9,-7.1000000000000005,0
1688907027431,-1.7000000000000002,-7.2,0.2
1688907027448,-2.2,-6.300000000000001,1.2000000000000002
1688907027464,-1.6,-5.800000000000001,3
1688907027480,-1.6,-5.800000000000001,3
1688907027498,2.2,-3.9000000000000004,3.3000000000000003
1688907027514,2.6,-3.3000000000000003,1.6
1688907027531,1,-2.7,-1.2000000000000002
1688907027548,-0.8,-3.4000000000000004,-1.2000000000000002
1688907027564,-0.4,-3.5,1.1
1688907027581,0.1,-2.5,3
1688907027598,1.4000000000000001,-3.5,3.1
1688907027614,1.2000000000000002,-2.3000000000000003,3.6
1688907027631,0.30000000000000004,0.2,4.9
1688907027647,1.9000000000000001,0.8,7.1000000000000005
1688907027664,4.2,0.8,7.7
1688907027680,5.4,1.8,8.200000000000001
1688907027697,6,3.1,9.5
1688907027714,5.7,3.1,9.5
1688907027731,4.9,2.4000000000000004,8.1
1688907027747,3.9000000000000004,1.8,6.300000000000001
1688907027765,2.5,1.5,5.2
1688907027781,1.8,1,5.7
1688907027797,3.6,0.8,6.800000000000001
1688907027814,5.300000000000001,1,7.300000000000001
1688907027831,5.800000000000001,1.2000000000000002,7.300000000000001
1688907027847,6,1.5,4.800000000000001
1688907027865,5.5,1.8,-0.6000000000000001
1688907027880,4.4,1.8,-0.4
1688907027897,3.6,0.7000000000000001,-0.5
1688907027915,2.8000000000000003,-0.5,-3.2
1688907027930,1.8,-0.30000000000000004,-3.6
1688907027947,1.3,0.2,-2.4000000000000004
1688907027965,1.9000000000000001,0.2,-0.7000000000000001
1688907027980,2.7,0.2,0.1
1688907027997,3,0.1,0.2
1688907028013,2.8000000000000003,0,-0.4
1688907028030,2.6,0.30000000000000004,-1.3
1688907028047,2.6,0.9,-1.8
1688907028063,2.4000000000000004,1.3,-1.4000000000000001
1688907028080,2.2,1.3,-0.9
1688907028097,2,1.3,-0.9
1688907028113,1.8,1.5,-1.6
1688907028130,1.4000000000000001,1.6,-2.2
1688907028147,0.6000000000000001,1.3,-2.4000000000000004
BREAK
Orientation Data 
Time [ms], x [°], y [°], z [°] 
1688907025830,334.3,43.400000000000006,36.5
1688907025846,333.20000000000005,42.300000000000004,36.9
1688907025863,332.6,41.300000000000004,36.4
1688907025881,331.90000000000003,40.400000000000006,36
1688907025896,330.8,39.5,35.9
1688907025913,329.6,38.6,35.800000000000004
1688907025930,328.70000000000005,37.7,35.5
1688907025946,327.8,36.800000000000004,35.2
1688907025963,327,36.1,34.7
1688907025980,326.40000000000003,35.300000000000004,34.2
1688907025996,326.70000000000005,36.800000000000004,34
1688907026013,329.70000000000005,38.1,33.6
1688907026030,332.40000000000003,39.5,33.1
1688907026046,333.8,41.300000000000004,33.1
1688907026063,334.1,43,33.4
1688907026080,334.20000000000005,44.800000000000004,34.2
1688907026097,334.6,46.5,35.1
1688907026113,336.1,48.1,35.5
1688907026130,337.90000000000003,49.400000000000006,35.5
1688907026146,339.20000000000005,50.5,35.7
1688907026163,339.8,51.5,36.300000000000004
1688907026180,341.6,52.300000000000004,36.800000000000004
1688907026196,344.5,53.2,36.5
1688907026213,346.70000000000005,54.300000000000004,36.5
1688907026230,352.5,56.1,34.6
1688907026247,354.8,56.800000000000004,33.300000000000004
1688907026280,358.40000000000003,58.300000000000004,31.200000000000003
1688907026296,1,59,29.8
1688907026313,4.5,59.7,27.8
1688907026330,7.9,60.300000000000004,25.5
1688907026346,11.5,60.900000000000006,22.6
1688907026363,14.9,61.5,19.5
1688907026380,18.900000000000002,62.2,15.600000000000001
1688907026397,22.900000000000002,62.7,11.700000000000001
1688907026413,28.1,63.1,6.5
1688907026430,35.2,63.5,-0.30000000000000004
1688907026446,45.800000000000004,63.6,-10.600000000000001
1688907026463,54.7,63.2,-20
1688907026480,52.900000000000006,63,-20
1688907026497,50.5,62.6,-19.5
1688907026513,47.7,61.7,-18.900000000000002
1688907026530,44.7,60.5,-18.6
1688907026546,41.800000000000004,58.900000000000006,-18.5
1688907026563,39.400000000000006,57,-19.1
1688907026580,37.9,54.800000000000004,-20.900000000000002
1688907026597,35.9,52.7,-23.1
1688907026613,34.4,49.900000000000006,-25.5
1688907026630,26.700000000000003,44.1,-27.200000000000003
1688907026646,23,40.5,-27.400000000000002
1688907026663,19.200000000000003,36.5,-28
1688907026680,15.700000000000001,33,-29.1
1688907026696,12.600000000000001,29.6,-30.5
1688907026713,9,27.200000000000003,-31.700000000000003
1688907026730,4.9,25.200000000000003,-32.1
1688907026747,0.7000000000000001,23.900000000000002,-32.1
1688907026763,357.1,22.8,-31.8
1688907026780,353.3,22.5,-31.3
1688907026797,350.5,22.6,-30.8
1688907026813,347.8,23.200000000000003,-29.700000000000003
1688907026830,344.90000000000003,24,-27.900000000000002
1688907026847,342,25.1,-25.8
1688907026863,339.3,26.5,-23.8
1688907026880,336.40000000000003,27.900000000000002,-21.8
1688907026896,333.40000000000003,29.5,-19.700000000000003
1688907026913,330.70000000000005,31,-17.8
1688907026930,327.8,33.4,-15
1688907026947,324.70000000000005,35.9,-12.3
1688907026963,321.70000000000005,38.300000000000004,-9.9
1688907026980,318.3,40.800000000000004,-7.2
1688907026997,314.40000000000003,43.300000000000004,-4.3
1688907027013,310.1,45.5,-1.1
1688907027030,305.6,47.6,2.6
1688907027046,296.5,51.5,10.8
1688907027063,292,52.800000000000004,14.4
1688907027080,287.3,53.900000000000006,18.3
1688907027096,282.6,54.7,21.900000000000002
1688907027113,278.7,55.5,25
1688907027130,275.8,56.6,27.900000000000002
1688907027147,273.5,58.2,30.3
1688907027163,271.7,59.6,32
1688907027180,269.6,61.1,34
1688907027197,266,62.1,38
1688907027213,263.7,62.2,42.2
1688907027230,265.5,61.800000000000004,44.300000000000004
1688907027246,269.6,61.400000000000006,44.5
1688907027263,278.1,61.5,41.900000000000006
1688907027280,287.6,62.300000000000004,36.5
1688907027297,297.2,63.5,29.5
1688907027313,305.5,64.9,22.200000000000003
1688907027330,311.3,66.10000000000001,16.400000000000002
1688907027346,317.90000000000003,67.60000000000001,10.100000000000001
1688907027363,322.70000000000005,68.7,5.6000000000000005
1688907027380,327.5,69.60000000000001,1.6
1688907027396,333.1,70.10000000000001,-2.5
1688907027413,338.70000000000005,70.2,-6.5
1688907027430,345.8,69.9,-11.8
1688907027446,357.70000000000005,68.60000000000001,-19.5
1688907027463,3.5,67.10000000000001,-23.200000000000003
1688907027497,13.5,63.5,-28.3
1688907027513,15.600000000000001,62,-28.6
1688907027530,18.8,60.900000000000006,-28.200000000000003
1688907027547,21.8,60.1,-27.900000000000002
1688907027563,22.200000000000003,58.5,-26.400000000000002
1688907027580,22.8,55.900000000000006,-24.6
1688907027596,22.400000000000002,53,-22.200000000000003
1688907027613,21.900000000000002,49.900000000000006,-19
1688907027630,22.1,46.6,-15.8
1688907027646,23.6,43.5,-13.8
1688907027663,24.8,40.900000000000006,-12.600000000000001
1688907027680,25.400000000000002,38.300000000000004,-11.600000000000001
1688907027696,26.400000000000002,35.800000000000004,-11
1688907027713,26.900000000000002,34.300000000000004,-10.700000000000001
1688907027730,26.900000000000002,33,-10.200000000000001
1688907027746,26.700000000000003,32,-9.1
1688907027763,26.8,31.400000000000002,-8.1
1688907027780,27.200000000000003,30.700000000000003,-7.2
1688907027796,28.200000000000003,30,-7
1688907027813,30.8,29,-8.200000000000001
1688907027830,32,28.8,-8.9
1688907027863,33.300000000000004,30.5,-7.7
1688907027880,36,32,-7.7
1688907027897,37.7,33.800000000000004,-8.6
1688907027913,37.7,35.1,-8.8
1688907027930,37.300000000000004,36.300000000000004,-8.6
1688907027946,37.5,36.800000000000004,-8.4
1688907027963,37.7,36.7,-8.3
1688907027980,37.9,36.300000000000004,-8.1
1688907027996,38.2,36,-8
1688907028013,38.300000000000004,36.2,-8
1688907028030,38.2,36.7,-8.1
1688907028046,37.800000000000004,37.5,-8.1
1688907028063,37.300000000000004,38.300000000000004,-8
1688907028080,36.7,39,-8
1688907028096,35.6,39.800000000000004,-7.7
1688907028113,34.1,40.6,-6.9
1688907028130,32.6,41.300000000000004,-5.800000000000001
1688907028146,30.700000000000003,41.900000000000006,-4.3
