Acceleration Data 
Time [ms], x [m/s²], y [m/s²], z [m/s²] 
1688907057965,12.100000000000001,4.6000000000000005,-3.8000000000000003
1688907057981,12.9,4.7,-2.6
1688907057998,13.9,4,-8.6
1688907058015,10.4,0.4,-13.8
1688907058032,9.5,1.8,-13.5
1688907058048,9.600000000000001,-0.2,-14.5
1688907058066,6.1000000000000005,-2.9000000000000004,-14.9
1688907058082,5,-2.3000000000000003,-15.100000000000001
1688907058098,5.1000000000000005,-1.7000000000000002,-14.9
1688907058116,3.8000000000000003,-2.5,-14.600000000000001
1688907058132,0.2,-3.8000000000000003,-15
1688907058149,1,-4.1000000000000005,-14.100000000000001
1688907058165,-0.2,-4.800000000000001,-12.4
1688907058182,-3,-6.4,-12.700000000000001
1688907058199,-6.300000000000001,-7.6000000000000005,-12.200000000000001
1688907058216,-7.1000000000000005,-7.4,-12
1688907058231,-8.6,-8.5,-10.100000000000001
1688907058249,-8.5,-9,-9.600000000000001
1688907058266,-6.6000000000000005,-9.700000000000001,-9.1
1688907058282,-4.800000000000001,-9.200000000000001,-8.5
1688907058299,-5.1000000000000005,-9.4,-7.4
1688907058315,-5,-10.100000000000001,-7.800000000000001
1688907058332,-1.8,-9.4,-9.4
1688907058348,-0.1,-9.3,-10.4
1688907058365,-0.5,-10.9,-9.5
1688907058382,-1.6,-13.100000000000001,-7.9
1688907058399,-0.7000000000000001,-15,-6.1000000000000005
1688907058415,2,-15.600000000000001,-3.8000000000000003
1688907058432,6.2,-15.9,0.2
1688907058449,8.8,-15.3,5.5
1688907058466,9.5,-14.700000000000001,10
1688907058482,8.700000000000001,-14,11.700000000000001
1688907058499,7.800000000000001,-13.9,13.700000000000001
1688907058516,10.600000000000001,-9.600000000000001,17.1
1688907058533,10.5,-8,16.400000000000002
1688907058549,8.200000000000001,-7.7,17.6
1688907058566,6.300000000000001,-6.300000000000001,17.8
1688907058584,4.9,-5.300000000000001,17.3
1688907058600,4.4,-4.5,16.3
1688907058615,5.800000000000001,-4,15.700000000000001
1688907058632,6.9,-3,14.8
1688907058649,7.6000000000000005,-2.9000000000000004,13.600000000000001
1688907058666,7.4,-3.5,10.4
1688907058682,5.7,-3.6,9.9
1688907058699,5,-5.6000000000000005,8
1688907058715,6.6000000000000005,-6.1000000000000005,6.9
1688907058732,5.6000000000000005,-7.800000000000001,5.5
1688907058749,4.800000000000001,-9.1,4.2
1688907058766,2.9000000000000004,-9.600000000000001,3.2
1688907058782,1.7000000000000002,-10.600000000000001,1.8
1688907058799,1.1,-11.4,-0.1
1688907058816,-1,-12.4,-0.7000000000000001
1688907058832,-3.4000000000000004,-12,0.6000000000000001
1688907058849,-7.4,-12.9,0.30000000000000004
1688907058866,-6.800000000000001,-10.700000000000001,1
1688907058882,-5.4,-10,0.6000000000000001
1688907058898,-4.800000000000001,-10.600000000000001,-0.9
1688907058916,-4.4,-10.3,-0.6000000000000001
1688907058932,-5.6000000000000005,-11.200000000000001,-0.7000000000000001
1688907058950,-7.4,-12.200000000000001,0.4
1688907058965,-8.4,-12.3,0.8
1688907058982,-8.4,-12.3,0.8
1688907058999,-8.700000000000001,-12.100000000000001,-1.2000000000000002
1688907059015,-8.700000000000001,-12.600000000000001,-1.2000000000000002
1688907059032,-8,-12.600000000000001,-1.6
1688907059049,-7.7,-13.3,-2.8000000000000003
1688907059067,-7,-13.4,-2.5
1688907059082,-7.1000000000000005,-14.600000000000001,-2.4000000000000004
1688907059098,-6.5,-14.9,-1.8
1688907059115,-5.7,-16.1,-1.9000000000000001
1688907059133,-4.7,-17,-3.3000000000000003
1688907059149,-2.6,-16.900000000000002,-4
1688907059166,-1.3,-17.900000000000002,-4
1688907059182,0.2,-17.7,-3.5
1688907059199,1.9000000000000001,-16.2,-2.4000000000000004
1688907059215,0,-14.9,-2.2
1688907059232,-2.3000000000000003,-15.3,-2.2
1688907059249,-3.5,-16.3,-2.7
1688907059266,-3,-18.5,-2.3000000000000003
1688907059283,0.30000000000000004,-18.8,-1.5
1688907059299,4.1000000000000005,-18.7,1
1688907059316,9.200000000000001,-17.400000000000002,5.4
1688907059335,15.3,-11,13
1688907059348,20.8,-7.800000000000001,14.100000000000001
1688907059365,24.900000000000002,-3.5,11.100000000000001
1688907059382,25.200000000000003,-1.3,7.2
1688907059399,21.400000000000002,-0.30000000000000004,9.3
1688907059416,17.400000000000002,0.6000000000000001,13.200000000000001
1688907059433,13.5,0.30000000000000004,12.3
1688907059448,12.200000000000001,-0.2,8.5
1688907059465,14.200000000000001,0.9,3.8000000000000003
1688907059481,14.200000000000001,0.9,3.8000000000000003
1688907059499,15.8,2.5,-1.8
1688907059515,12.4,1.6,-1.3
1688907059532,8.700000000000001,0.9,0.1
1688907059549,6.2,0.4,-0.8
1688907059565,4.2,-0.2,-2.4000000000000004
1688907059582,1.4000000000000001,1.2000000000000002,-2.1
1688907059598,1.1,-0.6000000000000001,-2.6
1688907059615,1.4000000000000001,-0.6000000000000001,-2.4000000000000004
1688907059632,-0.6000000000000001,0.7000000000000001,-4.7
1688907059648,-1.6,-0.6000000000000001,-7.5
1688907059667,-2,-1.1,-7.4
1688907059682,-1.8,-2.3000000000000003,-6.6000000000000005
1688907059698,-1.1,-3.3000000000000003,-4.9
1688907059716,-1.6,-1.7000000000000002,-0.5
1688907059732,-0.2,-1.2000000000000002,3.2
1688907059748,-0.2,-1.2000000000000002,3.2
1688907059765,-1.8,-2.8000000000000003,-2
1688907059782,-1.4000000000000001,-1.8,-3.6
1688907059799,-0.6000000000000001,-0.8,-3.6
1688907059816,-0.2,-0.6000000000000001,-2.2
1688907059832,0.1,-1.2000000000000002,-1.6
1688907059848,-0.4,-1.2000000000000002,-1.2000000000000002
1688907059865,-1.2000000000000002,-0.6000000000000001,-0.5
1688907059882,-1.4000000000000001,0,-0.30000000000000004
1688907059899,-1,0.2,0.2
1688907059915,-0.6000000000000001,-0.5,-0.30000000000000004
1688907059938,-0.8,0.30000000000000004,-3.6
1688907059952,-1,1.2000000000000002,-6
1688907059964,-1,2,-2.8000000000000003
1688907059984,-0.5,-0.2,-2.5
1688907059998,-0.4,-0.9,-4.3
1688907060017,-1.2000000000000002,0,-5.2
1688907060031,-1.3,1.3,-3.6
1688907060050,-0.5,1.3,-1.1
1688907060065,0,0.8,0.7000000000000001
1688907060081,-0.4,0.30000000000000004,1.3
1688907060098,-0.6000000000000001,0.30000000000000004,0.9
1688907060115,0.30000000000000004,0.30000000000000004,0.2
1688907060131,0.6000000000000001,1.2000000000000002,0.6000000000000001
1688907060148,0.6000000000000001,1.2000000000000002,0.6000000000000001
1688907060165,0,1.2000000000000002,0.5
1688907060181,-0.1,0.4,-0.30000000000000004
1688907060198,-0.30000000000000004,-0.30000000000000004,-0.4
1688907060215,-1.2000000000000002,-0.30000000000000004,0.1
BREAK
Orientation Data 
Time [ms], x [°], y [°], z [°] 
1688907057798,353,-5.800000000000001,5.9
1688907057814,353.40000000000003,-5.6000000000000005,5.5
1688907057831,359.90000000000003,-5.300000000000001,-2.3000000000000003
1688907057848,5.2,-4.7,-8.8
1688907057864,9,-4,-13.700000000000001
1688907057881,11.9,-3.2,-17.8
1688907057898,14.3,-2.4000000000000004,-21.5
1688907057914,16.6,-1.5,-25.1
1688907057931,18.900000000000002,-0.5,-28.900000000000002
1688907057948,24.8,1.4000000000000001,-38
1688907057964,28.200000000000003,6.2,-46
1688907057981,33.6,9.5,-51.800000000000004
1688907057998,37.4,13.8,-56.2
1688907058014,43.300000000000004,17.5,-59.7
1688907058031,48.900000000000006,21.3,-63.7
1688907058048,54.300000000000004,24.5,-67.60000000000001
1688907058065,59.1,28,-71.8
1688907058081,64.4,31,-76.3
1688907058098,69.2,32.9,-80.9
1688907058114,72.8,34.6,-85
1688907058131,76,36.5,-89.10000000000001
1688907058148,259,142.3,87.10000000000001
1688907058164,262,141.20000000000002,82.60000000000001
1688907058181,264.5,140.4,77.9
1688907058198,269.1,139,67.4
1688907058214,274.2,139,58.400000000000006
1688907058248,279.2,139.5,46.300000000000004
1688907058264,277.5,139,46
1688907058281,274.2,138.5,46.7
1688907058298,269.90000000000003,137.6,48.300000000000004
1688907058314,265.2,136.70000000000002,50.7
1688907058331,260.40000000000003,136,53
1688907058348,255.8,135.4,54.7
1688907058364,251.10000000000002,134.5,55.6
1688907058381,245.5,133.4,56.900000000000006
1688907058398,238.3,132.4,59.800000000000004
1688907058414,229.3,131.9,65.10000000000001
1688907058432,218.9,131.9,72.3
1688907058448,208,132.5,80.4
1688907058464,197.4,133.6,87.60000000000001
1688907058481,7.800000000000001,45.1,-87.10000000000001
1688907058498,359.1,43.6,-83
1688907058514,351.20000000000005,41.900000000000006,-79.10000000000001
1688907058532,344.20000000000005,39.900000000000006,-75.8
1688907058548,338.5,37.6,-71.60000000000001
1688907058564,332.6,35.6,-67.9
1688907058581,324.20000000000005,31.400000000000002,-62.300000000000004
1688907058598,320.90000000000003,31.200000000000003,-59.7
1688907058614,317.5,31,-56.900000000000006
1688907058631,314.5,30.8,-53.300000000000004
1688907058648,311.70000000000005,30.8,-49
1688907058664,309.1,31,-44.7
1688907058681,306.1,32,-38.900000000000006
1688907058698,303.40000000000003,33.1,-34.9
1688907058714,300.1,34.9,-29.900000000000002
1688907058731,296.3,36.5,-25.1
1688907058748,291.8,38.2,-19.400000000000002
1688907058764,286.7,39.7,-13.200000000000001
1688907058781,281.2,41.2,-6.800000000000001
1688907058798,275.2,42.5,-0.6000000000000001
1688907058814,268.7,43.300000000000004,5.800000000000001
1688907058831,262.1,43.400000000000006,11.8
1688907058848,255,42.900000000000006,18.7
1688907058864,249.60000000000002,42.400000000000006,23.6
1688907058881,244.5,42,29.1
1688907058898,240,41.800000000000004,33.6
1688907058914,236.20000000000002,41.800000000000004,37.300000000000004
1688907058931,232.3,41.7,41.2
1688907058948,228.60000000000002,41.7,44.5
1688907058964,224.60000000000002,41.6,48.400000000000006
1688907058981,220.70000000000002,41.800000000000004,52.2
1688907058998,214.5,43.7,58.300000000000004
1688907059014,211.3,45.6,61.300000000000004
1688907059031,208.3,47.7,63.400000000000006
1688907059048,205,50.7,65.8
1688907059065,202.20000000000002,53.6,68.10000000000001
1688907059081,200.20000000000002,57.400000000000006,70.9
1688907059098,200.4,61.1,72.8
1688907059114,201.60000000000002,66.60000000000001,74.60000000000001
1688907059131,206.4,72.10000000000001,74.10000000000001
1688907059148,214.9,78,69.10000000000001
1688907059164,237.9,83.60000000000001,48.7
1688907059181,308.3,84.9,-19.700000000000003
1688907059198,342.8,79.60000000000001,-51.900000000000006
1688907059214,351.5,73.2,-57.800000000000004
1688907059231,356.3,67,-59.300000000000004
1688907059248,0.5,61,-60.900000000000006
1688907059264,4,54.900000000000006,-62.900000000000006
1688907059281,6.5,48.300000000000004,-64.7
1688907059298,7.9,41.2,-65.4
1688907059314,8.6,33.7,-65.10000000000001
1688907059331,9,26.200000000000003,-64.4
1688907059348,9.600000000000001,19.5,-64.4
1688907059364,10.5,13.8,-65.4
1688907059381,12,9,-66.3
1688907059398,14.100000000000001,5.4,-66.10000000000001
1688907059415,17.900000000000002,1.3,-65
1688907059431,18.7,0.4,-64.8
1688907059448,20.1,0.2,-64.60000000000001
1688907059464,22.1,0.30000000000000004,-64.60000000000001
1688907059498,28.5,1.4000000000000001,-63.900000000000006
1688907059514,29.8,3.1,-63.1
1688907059531,31.5,5.1000000000000005,-62.2
1688907059548,32.300000000000004,7.2,-61.1
1688907059564,32.7,10.200000000000001,-59.1
1688907059581,33,12.600000000000001,-57
1688907059598,32.6,15.600000000000001,-52.900000000000006
1688907059614,31.3,18.1,-47.400000000000006
1688907059631,29.6,20.400000000000002,-41
1688907059648,27.3,22.8,-33.4
1688907059666,26,24.5,-28.3
1688907059681,24.5,26.5,-24.6
1688907059698,23.1,28.1,-23.1
1688907059714,22.1,29.6,-23.700000000000003
1688907059731,21.200000000000003,30.900000000000002,-25.1
1688907059748,20.200000000000003,32,-25.5
1688907059764,19.5,34.2,-25.1
1688907059781,18.900000000000002,38.900000000000006,-23.8
1688907059798,18.900000000000002,41.5,-23.400000000000002
1688907059815,19,42.900000000000006,-23.1
1688907059831,18.400000000000002,44.1,-21.8
1688907059848,18.2,44.800000000000004,-19.900000000000002
1688907059865,18.2,45.5,-18
1688907059881,18.5,46.2,-16.400000000000002
1688907059898,19.1,47,-15.200000000000001
1688907059914,19.700000000000003,48.300000000000004,-14.5
1688907059931,20,49.7,-13.5
1688907059948,20.1,51.300000000000004,-12.100000000000001
1688907059964,21.400000000000002,52.5,-12.100000000000001
1688907059981,21,53.2,-12.200000000000001
1688907059998,18.900000000000002,53.6,-11.200000000000001
1688907060016,17,53.800000000000004,-9.8
1688907060031,15.8,53.300000000000004,-8.9
1688907060048,14.9,52.300000000000004,-8.9
1688907060064,13.700000000000001,50.800000000000004,-8.9
1688907060081,11.9,49.400000000000006,-8.4
1688907060097,10.200000000000001,48.300000000000004,-7.4
1688907060114,9.200000000000001,47.7,-6.6000000000000005
1688907060131,8.8,47.300000000000004,-6.1000000000000005
1688907060148,8.5,47.2,-6
1688907060164,7.7,47.400000000000006,-5.9
1688907060181,6.5,47.800000000000004,-5.800000000000001
1688907060198,3.7,48.6,-4.6000000000000005
1688907060214,2.4000000000000004,48.900000000000006,-3.9000000000000004
