Acceleration Data 
Time [ms], x [m/s²], y [m/s²], z [m/s²] 
1688906910667,-2.1,-4,-3.1
1688906910684,-2.6,-4.800000000000001,-3.2
1688906910701,-2.6,-5.300000000000001,-2.3000000000000003
1688906910717,-2,-5.800000000000001,-1.1
1688906910734,-1.7000000000000002,-6.2,0.1
1688906910751,-1.7000000000000002,-6.6000000000000005,0.4
1688906910767,-1.9000000000000001,-7,0
1688906910784,-1.7000000000000002,-7.6000000000000005,-0.30000000000000004
1688906910801,-1.9000000000000001,-8.4,-0.30000000000000004
1688906910817,-1.9000000000000001,-9.1,-0.2
1688906910834,-1.2000000000000002,-9.5,-0.1
1688906910851,0.5,-8.3,-0.2
1688906910870,1.2000000000000002,-7.9,0.9
1688906910884,1.2000000000000002,-7.9,0.9
1688906910901,1.9000000000000001,-8,1.6
1688906910918,2.4000000000000004,-8,0.9
1688906910934,2.2,-8.4,1
1688906910951,1.1,-9.1,1.6
1688906910967,1.1,-9.1,1.6
1688906910985,1.8,-8.8,3
1688906911001,4.6000000000000005,-8.700000000000001,5.4
1688906911017,6.9,-8.4,7.800000000000001
1688906911035,7.300000000000001,-7.800000000000001,7.5
1688906911051,7.2,-7.2,6.800000000000001
1688906911068,6.2,-6.6000000000000005,6.5
1688906911084,7.300000000000001,-6,8.6
1688906911101,10.4,-3.8000000000000003,11.600000000000001
1688906911118,13.600000000000001,-1.2000000000000002,13
1688906911135,14,1.7000000000000002,13.700000000000001
1688906911151,14,3.1,14.9
1688906911168,13.600000000000001,3.6,15.200000000000001
1688906911184,10.9,3.2,13.700000000000001
1688906911202,8.8,2.5,12.3
1688906911218,8.9,2.8000000000000003,11.100000000000001
1688906911234,8.9,3,9.9
1688906911251,8.8,3,9
1688906911268,8.4,2.8000000000000003,7.800000000000001
1688906911285,8.3,2.6,8.4
1688906911301,8.5,3.1,9.8
1688906911318,8.700000000000001,3.3000000000000003,10.9
1688906911335,9.200000000000001,3.3000000000000003,10.9
1688906911350,9.3,2.6,9.700000000000001
1688906911368,9.200000000000001,1.3,8.3
1688906911385,8.700000000000001,0.1,6.7
1688906911402,8.1,-1,5.6000000000000005
1688906911418,7.7,-2,4.800000000000001
1688906911435,7.2,-2.7,3.9000000000000004
1688906911451,7.300000000000001,-3.5,2.6
1688906911468,6.300000000000001,-4.2,0.5
1688906911484,5.6000000000000005,-5,-0.9
1688906911501,5.2,-5.1000000000000005,-1.6
1688906911518,5.6000000000000005,-5.4,-1.8
1688906911534,5.7,-5.5,-2.8000000000000003
1688906911551,5.4,-5.6000000000000005,-3.5
1688906911568,5.1000000000000005,-6.1000000000000005,-2.8000000000000003
1688906911584,4.7,-7,-1.5
1688906911601,3.5,-7.6000000000000005,-0.6000000000000001
1688906911618,2.9000000000000004,-8.1,0.2
1688906911637,4.6000000000000005,-6.9,-0.7000000000000001
1688906911651,4.6000000000000005,-6.9,-0.7000000000000001
1688906911668,5.6000000000000005,-6.4,-1.2000000000000002
1688906911685,5.9,-5.800000000000001,-1.2000000000000002
1688906911701,5,-6.7,-2.1
1688906911718,4.5,-7,-1.5
1688906911734,4.1000000000000005,-7.2,-0.9
1688906911752,4.3,-7.2,-0.6000000000000001
1688906911769,4.4,-7.2,-0.8
1688906911786,4.3,-7.300000000000001,-1.3
1688906911801,3.8000000000000003,-7.7,-1.7000000000000002
1688906911819,3.8000000000000003,-8.3,-1.9000000000000001
1688906911834,4.5,-8.8,-1.5
1688906911851,5.300000000000001,-9.1,-1.2000000000000002
1688906911870,5.6000000000000005,-9.4,-1.1
1688906911886,5.5,-9.700000000000001,-0.6000000000000001
1688906911901,4.800000000000001,-10.5,-0.1
1688906911918,4.9,-11.3,0.7000000000000001
1688906911935,4.7,-12,1.4000000000000001
1688906911951,4.1000000000000005,-11.8,2.3000000000000003
1688906911969,4,-10.700000000000001,2.5
1688906911987,4.9,-9.200000000000001,2.8000000000000003
1688906912001,6.800000000000001,-7.7,4.1000000000000005
1688906912018,4.9,-6.800000000000001,5.800000000000001
1688906912034,2.3000000000000003,-6.2,9.3
1688906912051,-0.1,-3.3000000000000003,12.9
1688906912069,-2.8000000000000003,3.9000000000000004,17.5
1688906912085,-4.7,5.4,18.6
1688906912101,-6.4,6.800000000000001,18.5
1688906912118,-5.2,8.8,17.2
1688906912134,-4,10.200000000000001,15.9
1688906912151,-2.8000000000000003,10.700000000000001,14.9
1688906912168,-2.2,10.3,13.600000000000001
1688906912185,-1.5,9.3,11.4
1688906912201,-0.6000000000000001,8.200000000000001,8.6
1688906912218,0,7,6
1688906912234,0.30000000000000004,5.5,4.4
1688906912251,-0.30000000000000004,4.4,3.5
1688906912269,0.4,2,0.2
1688906912285,-0.1,2.1,0.1
1688906912301,0,1.8,-0.6000000000000001
1688906912318,0.6000000000000001,1.1,-0.5
1688906912335,1.6,0.6000000000000001,-0.1
1688906912351,1.8,-0.2,0.8
1688906912368,1.4000000000000001,-1.3,2.3000000000000003
1688906912385,1.2000000000000002,-2.8000000000000003,2.6
1688906912401,0.9,-3.3000000000000003,2.2
1688906912418,0.5,-2.3000000000000003,1.5
1688906912435,0.8,-2.2,0.6000000000000001
1688906912452,2,-1.6,-2.1
1688906912468,0.7000000000000001,-0.9,-8
1688906912489,0,-1.1,-2.2
1688906912500,2.1,-1.9000000000000001,-2.4000000000000004
1688906912517,2.1,-1.9000000000000001,-2.4000000000000004
1688906912534,-0.1,-1.1,-4.3
1688906912550,-0.30000000000000004,-0.30000000000000004,-3.1
1688906912567,0.7000000000000001,-0.4,-1.4000000000000001
1688906912585,1.3,0,0.1
1688906912600,1.4000000000000001,-0.2,-0.30000000000000004
1688906912619,0.30000000000000004,-1.2000000000000002,-0.9
1688906912634,-2,-1.2000000000000002,-1.2000000000000002
1688906912652,-1,-1.8,-3.9000000000000004
1688906912667,0.2,-1,-3.1
1688906912686,1.1,0.2,0
1688906912701,1.7000000000000002,0,0.2
1688906912719,2.3000000000000003,-0.6000000000000001,0.4
1688906912734,2.4000000000000004,-1,1
BREAK
Orientation Data 
Time [ms], x [°], y [°], z [°] 
1688906910500,334.6,52.800000000000004,35.4
1688906910517,335.1,54.300000000000004,35.5
1688906910534,336,54.7,35.7
1688906910550,335.70000000000005,55.400000000000006,36.9
1688906910567,329.90000000000003,57.400000000000006,42.800000000000004
1688906910583,327.1,56.900000000000006,45.800000000000004
1688906910601,325.40000000000003,55.300000000000004,47.400000000000006
1688906910617,324.8,53.5,48
1688906910636,324.5,51.800000000000004,48.5
1688906910651,324.70000000000005,50.7,48.7
1688906910667,325.1,52.400000000000006,49.800000000000004
1688906910683,321.40000000000003,54,51.1
1688906910700,318.1,55.6,52
1688906910717,315.20000000000005,57.1,52.6
1688906910733,312.6,58.6,53.400000000000006
1688906910750,309.8,59.800000000000004,54.5
1688906910767,307.40000000000003,61.2,56.300000000000004
1688906910783,305,62.6,58.400000000000006
1688906910800,303.2,64,60.300000000000004
1688906910817,301.8,65.3,62.1
1688906910833,301.2,67.10000000000001,63.800000000000004
1688906910850,301.5,69,65.3
1688906910867,302.90000000000003,70.7,66.10000000000001
1688906910883,305.8,72.9,65.8
1688906910900,310.1,74.9,64.5
1688906910917,318.90000000000003,77.9,61
1688906910933,326.20000000000005,79.2,56.900000000000006
1688906910950,336.40000000000003,79.60000000000001,50.800000000000004
1688906910983,6.7,78.7,30.5
1688906911000,21.6,77.4,21.700000000000003
1688906911017,35.6,75.10000000000001,13
1688906911034,45.1,72.9,8.9
1688906911050,52,70.10000000000001,6.9
1688906911067,58.1,67.60000000000001,6.5
1688906911083,64.3,64.2,6.1000000000000005
1688906911100,71.4,60.6,5
1688906911117,77.30000000000001,57.6,3.8000000000000003
1688906911133,82.2,54.300000000000004,3.4000000000000004
1688906911150,86.7,51.2,3.7
1688906911167,90.30000000000001,48.5,4.4
1688906911184,93.30000000000001,45.900000000000006,5.6000000000000005
1688906911200,96.30000000000001,43.900000000000006,6.5
1688906911217,99.30000000000001,42.300000000000004,6.6000000000000005
1688906911234,102.7,41,6.1000000000000005
1688906911250,106.30000000000001,39.800000000000004,5
1688906911267,109.80000000000001,38.900000000000006,3.6
1688906911284,113.60000000000001,38.1,2
1688906911300,117.80000000000001,36.800000000000004,0
1688906911317,119.80000000000001,37.9,-0.6000000000000001
1688906911334,124.60000000000001,40.800000000000004,-2.1
1688906911367,129.4,46.1,-4.2
1688906911384,131.4,49.300000000000004,-5.4
1688906911400,133.4,52.5,-6.5
1688906911417,134.9,56.5,-7.7
1688906911433,136.8,59.800000000000004,-8.4
1688906911450,137.9,63.7,-9
1688906911467,139.1,67.2,-9.1
1688906911483,138.6,72.7,-8.6
1688906911500,140.8,74.4,-8.6
1688906911517,139.5,78.10000000000001,-7.7
1688906911533,138.4,80.80000000000001,-5.9
1688906911550,134.20000000000002,83.10000000000001,-1.2000000000000002
1688906911567,124.2,84.80000000000001,9.3
1688906911584,106,85.60000000000001,28.1
1688906911600,88.4,85.60000000000001,46
1688906911617,70.8,85.2,63.6
1688906911633,57.2,84.7,76.60000000000001
1688906911650,45.1,84.4,87.9
1688906911667,214.9,96,-82.7
1688906911684,206.5,96.60000000000001,-75
1688906911700,199,98,-69.2
1688906911717,199.5,98.80000000000001,-70.3
1688906911751,203.60000000000002,99.9,-76.7
1688906911768,206.9,100.5,-81
1688906911785,209.3,100.9,-84.7
1688906911800,212.20000000000002,101.5,-88.80000000000001
1688906911817,36,77.9,86.2
1688906911834,40.800000000000004,77.10000000000001,80
1688906911850,44.800000000000004,76.3,74
1688906911867,48.800000000000004,75.4,67.7
1688906911883,51.900000000000006,74.4,62
1688906911900,56.800000000000004,72.60000000000001,54.900000000000006
1688906911917,59.7,70.7,48.900000000000006
1688906911934,62.7,68.60000000000001,43.2
1688906911950,65.4,66.4,37.9
1688906911967,67.9,64.3,32.5
1688906911984,69.7,62.7,27.5
1688906912000,73.10000000000001,60.6,20.900000000000002
1688906912017,73.8,57.800000000000004,16.1
1688906912034,73.9,54.2,13
1688906912050,74.60000000000001,49.1,10.600000000000001
1688906912067,74.9,44.400000000000006,8.5
1688906912083,75.3,40.300000000000004,6.1000000000000005
1688906912100,75.10000000000001,37,3.8000000000000003
1688906912117,72.9,32.4,0.8
1688906912133,72.5,30.3,0.1
1688906912150,72.4,28.8,-0.6000000000000001
1688906912167,72.3,28.200000000000003,-1.3
1688906912183,72.2,28.3,-2.1
1688906912200,71.9,28.900000000000002,-2.6
1688906912217,71.60000000000001,29.900000000000002,-2.7
1688906912233,71.3,30.900000000000002,-2.4000000000000004
1688906912250,70.9,32,-2
1688906912267,70.4,33.1,-1.4000000000000001
1688906912284,70.10000000000001,34.1,-0.8
1688906912300,70,35.1,-0.6000000000000001
1688906912317,69.5,36,-0.5
1688906912334,69,36.5,-0.6000000000000001
1688906912350,68.2,36.7,-0.7000000000000001
1688906912367,67.3,36.9,-0.7000000000000001
1688906912383,65.7,37.1,-0.30000000000000004
1688906912400,64.2,37.800000000000004,0.4
1688906912417,63,38.6,1.4000000000000001
1688906912434,62,39.7,2.6
1688906912450,61.300000000000004,40.800000000000004,3.9000000000000004
1688906912467,59.2,42.400000000000006,7.1000000000000005
1688906912484,59.300000000000004,43.5,9
1688906912500,59.1,44,9.3
1688906912517,58.7,44.2,9.1
1688906912533,57.900000000000006,44.300000000000004,9.600000000000001
1688906912550,58,44,9.5
1688906912567,58.6,43.400000000000006,8.5
1688906912583,59.400000000000006,43,6.9
1688906912600,59.6,42.800000000000004,5.5
1688906912617,59.6,42.900000000000006,4.2
1688906912634,59.1,43.1,3.3000000000000003
1688906912650,58.2,43.300000000000004,3.2
1688906912667,58.400000000000006,43.1,2.8000000000000003
1688906912683,59.6,42.400000000000006,1.4000000000000001
1688906912700,60,41.300000000000004,0.4
1688906912717,59.800000000000004,40.300000000000004,0.30000000000000004
1688906912734,59.7,39.2,0.5
