Acceleration Data 
Time [ms], x [m/s²], y [m/s²], z [m/s²] 
1688907073087,14.600000000000001,-2.4000000000000004,1.5
1688907073104,18.3,-1,2.1
1688907073120,25.5,-0.6000000000000001,0.4
1688907073137,25.400000000000002,-0.2,-0.1
1688907073156,23.3,-1.4000000000000001,-1.5
1688907073170,23.3,-1.4000000000000001,-1.5
1688907073187,23.5,-2.1,-2.2
1688907073204,22.700000000000003,-2.4000000000000004,-3.5
1688907073221,18.2,-5.1000000000000005,-5.1000000000000005
1688907073238,14.9,-7,-6.800000000000001
1688907073254,13.600000000000001,-7.4,-6.5
1688907073271,12,-8.5,-7.1000000000000005
1688907073288,10.9,-8.4,-7.7
1688907073305,9,-9,-8
1688907073321,5.7,-10.200000000000001,-9.700000000000001
1688907073338,4.5,-10.100000000000001,-10.9
1688907073354,5,-9.9,-12.200000000000001
1688907073371,4.6000000000000005,-9,-12.3
1688907073388,3.5,-8.8,-12.200000000000001
1688907073406,1.5,-9,-12.200000000000001
1688907073421,-0.6000000000000001,-8.8,-13.700000000000001
1688907073438,-0.1,-10.4,-14.700000000000001
1688907073454,1.7000000000000002,-8.3,-12.4
1688907073471,3,-7.800000000000001,-10.100000000000001
1688907073488,3.2,-7.5,-9.8
1688907073504,1.1,-8.200000000000001,-8.8
1688907073521,-1.4000000000000001,-9.3,-9.4
1688907073538,-1.8,-9.3,-9.8
1688907073554,-2,-9.1,-9.8
1688907073571,-2.5,-9.4,-9.700000000000001
1688907073588,-4.1000000000000005,-9.9,-9.3
1688907073605,-5.4,-10.700000000000001,-6.9
1688907073621,-4.800000000000001,-10.700000000000001,-5
1688907073638,-3.6,-10.700000000000001,-4.7
1688907073654,-3.3000000000000003,-11.200000000000001,-5.1000000000000005
1688907073671,-3.4000000000000004,-12.3,-5.2
1688907073688,-4,-13.3,-5.2
1688907073704,-3.9000000000000004,-14.3,-5.5
1688907073721,-3.3000000000000003,-15.100000000000001,-6
1688907073738,-2.3000000000000003,-15.700000000000001,-6
1688907073754,-1,-16.3,-6.7
1688907073771,0.6000000000000001,-17.400000000000002,-7
1688907073787,0.6000000000000001,-18.8,-5.5
1688907073804,1.2000000000000002,-20.3,-3
1688907073821,6.5,-22.5,-0.6000000000000001
1688907073837,18.8,-22.900000000000002,7.4
1688907073854,29.200000000000003,-17,20.8
1688907073871,27.8,-13,31.1
1688907073888,16.3,-12.4,28.8
1688907073904,7.4,-10.8,24
1688907073921,4.9,-7.9,18.6
1688907073938,5.2,-5.6000000000000005,13.4
1688907073954,4.2,-4,10.5
1688907073971,4.2,-2.1,8.200000000000001
1688907073988,5.6000000000000005,-0.2,5.7
1688907074004,7.9,0.5,3.9000000000000004
1688907074021,8.5,0.4,3.9000000000000004
1688907074038,6.9,-0.8,4.1000000000000005
1688907074054,5.9,-1.9000000000000001,4.5
1688907074071,6,-2.7,4.3
1688907074088,5.2,-4.7,4.2
1688907074104,4.1000000000000005,-5.300000000000001,5.2
1688907074121,5,-5.6000000000000005,6.300000000000001
1688907074137,5.300000000000001,-6.300000000000001,6.2
1688907074154,4.3,-6.800000000000001,5.800000000000001
1688907074174,3.8000000000000003,-7.6000000000000005,4.6000000000000005
1688907074187,2.8000000000000003,-8.5,2.9000000000000004
1688907074205,2,-8.700000000000001,2.7
1688907074221,1.4000000000000001,-8.1,2.5
1688907074238,0.2,-9.700000000000001,2.2
1688907074254,2.5,-9,2.2
1688907074271,3.1,-9,-1
1688907074288,2.3000000000000003,-9.200000000000001,-1.6
1688907074305,0.9,-9.3,-0.4
1688907074321,-0.8,-9.700000000000001,1.6
1688907074338,-3,-9.8,3.1
1688907074354,-4.2,-9.700000000000001,3.2
1688907074371,-4.3,-9.3,2.2
1688907074388,-3.4000000000000004,-9.5,-1.1
1688907074405,-4.2,-10.200000000000001,-1.4000000000000001
1688907074421,-4.2,-10.200000000000001,-1.4000000000000001
1688907074437,-6.7,-10.4,-0.4
1688907074453,-7.300000000000001,-10.4,-0.30000000000000004
1688907074471,-6.6000000000000005,-9.700000000000001,0
1688907074487,-5.6000000000000005,-9.700000000000001,-0.4
1688907074504,-4.800000000000001,-9.600000000000001,-0.7000000000000001
1688907074521,-4,-10.100000000000001,-0.30000000000000004
1688907074538,-2.9000000000000004,-9.600000000000001,0
1688907074554,-1.6,-9.5,-0.5
1688907074571,-1.3,-9.8,-0.7000000000000001
1688907074587,-2.1,-10.700000000000001,-1
1688907074605,-2.7,-11.3,-1.8
1688907074621,-3.3000000000000003,-12.5,-3.4000000000000004
1688907074638,-2.2,-13,-3.9000000000000004
1688907074654,0.1,-13.200000000000001,-4.4
1688907074672,2.1,-12.600000000000001,-5.1000000000000005
1688907074687,1.7000000000000002,-12.100000000000001,-5.5
1688907074704,0.2,-12.3,-5.1000000000000005
1688907074721,-2.4000000000000004,-13.600000000000001,-4.9
1688907074738,-3.6,-14.600000000000001,-3.9000000000000004
1688907074754,-3.6,-16.5,-3.6
1688907074771,-3.3000000000000003,-17.400000000000002,-4.5
1688907074788,-2.1,-17.8,-5
1688907074805,1.2000000000000002,-20.200000000000003,0
1688907074821,1.2000000000000002,-20.200000000000003,0
1688907074838,6.1000000000000005,-20.900000000000002,8.5
1688907074855,12,-18.1,9.700000000000001
1688907074870,19.400000000000002,-13.200000000000001,6.300000000000001
1688907074888,20.900000000000002,-9.700000000000001,2.2
1688907074904,15.9,-9,3
1688907074921,13.9,-8.5,7.2
1688907074937,15.8,-7.2,8.200000000000001
1688907074954,20.900000000000002,-4.3,6.2
1688907074971,23.400000000000002,-1.5,3.3000000000000003
1688907074988,20.3,-0.30000000000000004,1.3
1688907075004,14.9,-0.4,1.7000000000000002
1688907075021,11,-0.6000000000000001,2.8000000000000003
1688907075038,10.3,-0.5,3.6
1688907075054,11.600000000000001,0,3.1
1688907075070,12.100000000000001,0.1,0.9
1688907075087,11.9,0.4,-1.7000000000000002
1688907075104,10.4,-0.30000000000000004,-3.5
1688907075121,8.5,-0.4,-2.1
1688907075138,7.5,-0.5,-0.1
1688907075155,8.5,0.2,0.1
1688907075172,8.5,0.2,0.1
1688907075188,8.1,-0.2,-1.1
1688907075204,4.7,-0.9,-3.4000000000000004
1688907075221,1.9000000000000001,-1.7000000000000002,-3.7
1688907075237,0.2,-1.5,-3.5
1688907075254,1,-2.6,-4.5
1688907075271,0.1,-2.3000000000000003,-4.7
1688907075287,0.2,-1.9000000000000001,-2.9000000000000004
1688907075304,-1.1,-1.4000000000000001,-3.3000000000000003
1688907075321,-0.8,-2.3000000000000003,-3.8000000000000003
1688907075338,-1.5,-2.5,-3.7
1688907075354,-2,-2.3000000000000003,-4.1000000000000005
1688907075371,-0.8,-1.7000000000000002,-4.7
1688907075387,-1.3,-1.8,-2.3000000000000003
1688907075404,0.2,-2.5,-0.8
1688907075421,0.4,-3.2,-1.4000000000000001
1688907075438,-0.2,-2.7,-2.5
1688907075454,-1.1,-2.2,-3.1
1688907075471,-1,-2.1,-3.6
1688907075488,-0.4,-1.8,-3.9000000000000004
1688907075506,-0.7000000000000001,-0.9,-3.1
1688907075521,-0.8,-0.4,-2.4000000000000004
1688907075538,-0.9,-0.6000000000000001,-0.7000000000000001
1688907075554,-1.1,-0.8,1.3
1688907075572,-1.8,0,1.7000000000000002
1688907075588,-1.5,0.8,-2.9000000000000004
1688907075604,-0.9,0.1,-6
1688907075620,0,0,-4.4
1688907075640,-0.1,0.1,-3.6
1688907075654,-0.4,-0.2,-3.1
1688907075670,-0.4,0.4,-2
1688907075689,-0.5,1.4000000000000001,-0.6000000000000001
1688907075703,0,1,-0.2
1688907075722,0.9,0.1,-1.1
1688907075737,-0.2,0.1,-2.4000000000000004
1688907075755,-0.4,0.4,-3.2
1688907075770,0,1.1,-2.8000000000000003
1688907075789,1.3,0.9,-1.6
1688907075803,1,0.30000000000000004,1.8
1688907075820,0.30000000000000004,0.2,4.5
1688907075839,0.8,-0.7000000000000001,3.9000000000000004
1688907075855,0.6000000000000001,-0.4,3.2
1688907075870,0.9,-0.2,1.7000000000000002
BREAK
Orientation Data 
Time [ms], x [°], y [°], z [°] 
1688907072920,345.90000000000003,2.1,14.200000000000001
1688907072937,346.6,1.9000000000000001,13.5
1688907072953,346.40000000000003,1.7000000000000002,12.600000000000001
1688907072970,345.8,1.4000000000000001,11.8
1688907072987,345.40000000000003,1.1,11
1688907073003,344.8,0.7000000000000001,10.200000000000001
1688907073020,344.5,0.30000000000000004,9.3
1688907073037,344,-0.1,8.5
1688907073053,343.6,-0.6000000000000001,7.5
1688907073070,343.40000000000003,-1,6.4
1688907073087,343.40000000000003,-1.5,5.1000000000000005
1688907073103,347.70000000000005,1.3,0.5
1688907073120,353.1,5,-4.9
1688907073137,354.5,7.9,-7.2
1688907073153,356.90000000000003,9.9,-7.800000000000001
1688907073170,1,12.5,-8.8
1688907073187,6.300000000000001,15.600000000000001,-11.200000000000001
1688907073203,10.3,19.200000000000003,-14.5
1688907073220,12.5,22.700000000000003,-17.6
1688907073237,13.100000000000001,26.6,-19.900000000000002
1688907073253,13.200000000000001,30.200000000000003,-21.200000000000003
1688907073270,14.100000000000001,37.6,-23.1
1688907073287,15.100000000000001,41.7,-24.200000000000003
1688907073303,16.8,45.400000000000006,-25.700000000000003
1688907073320,17.8,50.5,-27.5
1688907073337,19.8,54.400000000000006,-29.700000000000003
1688907073353,21.400000000000002,59.1,-32.1
1688907073370,23.700000000000003,62.5,-34.300000000000004
1688907073387,26,66,-36.5
1688907073403,28.8,69.60000000000001,-39.400000000000006
1688907073420,31.8,72.60000000000001,-42.900000000000006
1688907073437,34.6,74.8,-45.900000000000006
1688907073453,37.1,75.8,-47.900000000000006
1688907073470,38.5,76,-47.900000000000006
1688907073487,32.7,76.2,-41.6
1688907073503,40.6,76.10000000000001,-45.300000000000004
1688907073520,39,76.60000000000001,-43.400000000000006
1688907073537,42,76.9,-44.7
1688907073553,47.2,76.9,-48.7
1688907073570,50.6,76.7,-51.5
1688907073587,56.5,76.10000000000001,-56.800000000000004
1688907073603,61,75,-60.6
1688907073620,68.60000000000001,73.4,-67.60000000000001
1688907073637,80.9,70.8,-79.5
1688907073654,85.7,65.9,-85.9
1688907073670,80.2,64.3,-82.4
1688907073687,74.7,62.400000000000006,-78.80000000000001
1688907073703,69.5,60.300000000000004,-75.8
1688907073720,64.2,57,-71.9
1688907073737,59.2,54,-69.8
1688907073753,55.5,49.6,-68.2
1688907073770,50.7,45,-67.10000000000001
1688907073787,45.900000000000006,40.400000000000006,-66.10000000000001
1688907073803,41.5,34.800000000000004,-64.9
1688907073820,36.5,29,-64
1688907073837,32.800000000000004,20.3,-63.2
1688907073853,26.5,12.3,-63
1688907073870,19.400000000000002,6.6000000000000005,-62.300000000000004
1688907073887,12.3,1.9000000000000001,-59.7
1688907073903,5.2,0,-57.5
1688907073920,1.1,-1.3,-55.800000000000004
1688907073937,357.90000000000003,-1.6,-55.900000000000006
1688907073954,356,-1.6,-56
1688907073970,354.3,-1.7000000000000002,-55.1
1688907073987,352.3,-2,-53.5
1688907074003,350.5,-2.1,-52.400000000000006
1688907074020,348.90000000000003,-2,-51.800000000000004
1688907074037,347.3,-1.7000000000000002,-51.5
1688907074053,345.5,-1.1,-50.800000000000004
1688907074070,339.8,0.4,-48.6
1688907074087,336.70000000000005,1.2000000000000002,-47.1
1688907074103,333.5,1.9000000000000001,-45.5
1688907074120,330.40000000000003,2.7,-43.2
1688907074137,326.70000000000005,3.7,-41.1
1688907074153,323.3,4.9,-38.6
1688907074170,319.70000000000005,6.2,-35.6
1688907074187,316,7.5,-32.2
1688907074203,312.5,8.9,-29.1
1688907074220,309.20000000000005,10.600000000000001,-26.200000000000003
1688907074237,305.40000000000003,12.200000000000001,-23.700000000000003
1688907074253,301.90000000000003,13.9,-20.900000000000002
1688907074270,298,15.3,-18.5
1688907074287,294.40000000000003,17,-15.5
1688907074303,289.90000000000003,18.3,-12.9
1688907074320,285,19.5,-11
1688907074337,280,20.5,-9.4
1688907074353,275.2,21.8,-7.2
1688907074370,270.2,23,-5.2
1688907074387,266.40000000000003,24.6,-2.5
1688907074403,262.40000000000003,26.1,-0.1
1688907074420,258.90000000000003,27.900000000000002,2.7
1688907074437,252.10000000000002,30.1,8.1
1688907074470,247.5,32.1,14.9
1688907074487,246.9,33.4,18.1
1688907074503,247.4,34.800000000000004,20.400000000000002
1688907074520,248.4,36.7,22.3
1688907074537,250.20000000000002,38.900000000000006,23.700000000000003
1688907074553,252.3,41.7,25
1688907074570,255,44.7,25.900000000000002
1688907074587,257.90000000000003,47.7,26.6
1688907074603,261,50.5,26.8
1688907074620,264.90000000000003,54.300000000000004,26.400000000000002
1688907074637,270.40000000000003,57.6,25.1
1688907074653,278,60.300000000000004,22
1688907074670,288,62.300000000000004,17
1688907074687,299.8,63.2,10.5
1688907074704,310.70000000000005,63.1,4.1000000000000005
1688907074720,322.70000000000005,62.2,-4.7
1688907074737,332.90000000000003,60.5,-12.4
1688907074753,341.70000000000005,57.900000000000006,-19.6
1688907074770,349.20000000000005,54.2,-25.700000000000003
1688907074787,355.40000000000003,49.400000000000006,-29.900000000000002
1688907074803,0.9,43.6,-32.6
1688907074820,6.2,37.2,-35.1
1688907074837,11.100000000000001,30.8,-38.1
1688907074853,15.4,24.8,-42.2
1688907074870,21.900000000000002,14.5,-50.1
1688907074887,25,10.3,-51.900000000000006
1688907074903,28.5,6.800000000000001,-52.800000000000004
1688907074920,31.700000000000003,4.2,-54.2
1688907074937,34.4,1.3,-56.5
1688907074953,37.1,-1.1,-57.900000000000006
1688907074970,39.7,-3.1,-57.800000000000004
1688907074987,42.5,-4.3,-56.6
1688907075003,45,-4.7,-55.300000000000004
1688907075020,46.800000000000004,-4.6000000000000005,-54.300000000000004
1688907075037,48.7,-4.2,-53.7
1688907075053,50.900000000000006,-3.7,-52.900000000000006
1688907075070,53,-3.1,-51.7
1688907075087,54.7,-1.9000000000000001,-50
1688907075103,57.2,-0.30000000000000004,-48.900000000000006
1688907075120,59.1,1.5,-48.7
1688907075137,60.6,3.3000000000000003,-48.900000000000006
1688907075154,61.400000000000006,5.2,-48.800000000000004
1688907075170,62,7,-48
1688907075187,61.7,9.700000000000001,-46.300000000000004
1688907075203,61.900000000000006,12.4,-44.5
1688907075220,61.400000000000006,15.3,-42.400000000000006
1688907075237,60.800000000000004,17.900000000000002,-40
1688907075253,58.800000000000004,20.900000000000002,-36.5
1688907075270,55.2,25,-28.200000000000003
1688907075303,51.2,27.200000000000003,-18.7
1688907075321,49.7,28,-15.200000000000001
1688907075337,47.300000000000004,29.200000000000003,-11.8
1688907075353,44.900000000000006,30.400000000000002,-9.1
1688907075370,42.7,32.1,-7.5
1688907075387,41.7,33.9,-7.800000000000001
1688907075403,41.1,35.6,-9.5
1688907075420,39.900000000000006,37.6,-11.100000000000001
1688907075437,38.1,39.400000000000006,-11.4
1688907075453,36.5,41,-10.4
1688907075470,35,42.1,-8.4
1688907075487,33,43.2,-5.2
1688907075503,34.2,43.400000000000006,-4.2
1688907075520,33.1,43.6,-2.3000000000000003
1688907075537,33.800000000000004,43.7,-1.4000000000000001
1688907075554,34.6,43.800000000000004,-1.3
1688907075570,34.7,44,-1.3
1688907075587,32.6,44.800000000000004,0.30000000000000004
1688907075603,31.700000000000003,45.400000000000006,2.2
1688907075620,32.5,45.400000000000006,2.6
1688907075636,32.9,44.5,2.2
1688907075653,31.5,42.1,1.4000000000000001
1688907075670,31.700000000000003,40.1,0.5
1688907075686,31.1,38.1,-0.2
1688907075703,30.400000000000002,36.2,-0.6000000000000001
1688907075720,30.200000000000003,33.9,-0.8
1688907075736,30.1,32,-1.2000000000000002
1688907075753,30,30.400000000000002,-1.7000000000000002
1688907075770,30.200000000000003,28.700000000000003,-2.5
1688907075786,30.5,27.1,-3.8000000000000003
1688907075803,30.900000000000002,25.200000000000003,-5.5
1688907075820,30.900000000000002,23,-7.1000000000000005
1688907075836,29.700000000000003,20.700000000000003,-7.7
1688907075853,28.400000000000002,19.200000000000003,-7.800000000000001
1688907075870,27.3,18.3,-7.4
