Acceleration Data 
Time [ms], x [m/s²], y [m/s²], z [m/s²] 
1688905950120,1,-5.9,-0.6000000000000001
1688905950136,0.5,-6.2,0.2
1688905950155,-0.4,-6.7,0.8
1688905950173,-1.4000000000000001,-6.6000000000000005,1.4000000000000001
1688905950186,-1.5,-6.4,1.3
1688905950203,-1.2000000000000002,-6.2,0.4
1688905950220,-1.7000000000000002,-5.6000000000000005,0.1
1688905950237,-2.7,-4.2,-0.6000000000000001
1688905950253,-3.9000000000000004,-2.8000000000000003,-0.1
1688905950270,-4.4,-2.1,1.6
1688905950287,-3.4000000000000004,-2.3000000000000003,4.6000000000000005
1688905950304,-3,-1.4000000000000001,7.2
1688905950320,-2.8000000000000003,1.1,7.9
1688905950337,-2,4.1000000000000005,7
1688905950353,-1.2000000000000002,6.5,5.9
1688905950370,-0.9,7.5,7.4
1688905950390,-0.9,7.9,10
1688905950403,0,7.9,11.100000000000001
1688905950420,1.1,8.4,9.1
1688905950441,2,8.1,8.200000000000001
1688905950454,2.6,7.4,8.700000000000001
1688905950470,3,7.1000000000000005,9.200000000000001
1688905950486,3,7.1000000000000005,9.200000000000001
1688905950504,5.9,6.6000000000000005,6.7
1688905950520,7.4,6.4,5.1000000000000005
1688905950537,8.8,6.6000000000000005,3.8000000000000003
1688905950553,8.4,6,3.9000000000000004
1688905950570,6.6000000000000005,4.800000000000001,4.4
1688905950587,5.7,3.9000000000000004,5.4
1688905950604,7.2,4.5,5.5
1688905950620,9.700000000000001,5.300000000000001,6
1688905950640,11.100000000000001,4.4,6
1688905950654,10.600000000000001,2.4000000000000004,6
1688905950670,9,1,5.300000000000001
1688905950687,7.4,0.2,3.4000000000000004
1688905950704,7,-0.8,1
1688905950720,7,-1.8,-0.8
1688905950736,7.300000000000001,-2.3000000000000003,-1
1688905950754,7.6000000000000005,-2.7,0.1
1688905950770,7.6000000000000005,-3.5,1.8
1688905950787,7.6000000000000005,-4.800000000000001,2.6
1688905950804,7.6000000000000005,-6.300000000000001,2.4000000000000004
1688905950820,6.9,-7.2,0.30000000000000004
1688905950837,6.1000000000000005,-6.9,-1
1688905950854,6.1000000000000005,-6.9,-1
1688905950870,5.7,-7.1000000000000005,-1.3
1688905950886,5.1000000000000005,-7.300000000000001,-0.9
1688905950904,3.9000000000000004,-7.5,-0.1
1688905950920,2.8000000000000003,-7.9,0.4
1688905950937,2.4000000000000004,-8.200000000000001,0.5
1688905950953,2.6,-7.9,0.30000000000000004
1688905950970,2.9000000000000004,-7,-0.1
1688905950987,2.4000000000000004,-6.7,-0.4
1688905951004,2,-6.7,-0.4
1688905951020,2.1,-6.6000000000000005,-0.30000000000000004
1688905951036,2.1,-6.5,0.2
1688905951054,1.8,-6.300000000000001,0.6000000000000001
1688905951071,1.6,-6.4,0.8
1688905951087,1.5,-6.300000000000001,0.30000000000000004
1688905951104,1.7000000000000002,-6.300000000000001,-0.30000000000000004
1688905951121,1.4000000000000001,-5.6000000000000005,0
1688905951137,0.8,-4.800000000000001,0.6000000000000001
1688905951154,0,-4.6000000000000005,1.1
1688905951170,-1.2000000000000002,-4.6000000000000005,1.4000000000000001
1688905951187,-2.5,-4.1000000000000005,1.4000000000000001
1688905951203,-3.6,-2.2,0.9
1688905951220,-3.2,0.4,1.7000000000000002
1688905951238,-2.4000000000000004,0.5,3.1
1688905951253,-2.6,1,4.800000000000001
1688905951270,-3.4000000000000004,2.2,5.1000000000000005
1688905951287,-3.5,3,4.3
1688905951303,-3.2,3.3000000000000003,3.4000000000000004
1688905951320,-3.7,3.2,3.4000000000000004
1688905951337,-3.5,3.4000000000000004,3.6
1688905951353,-2.6,4.1000000000000005,3.5
1688905951372,-1.4000000000000001,4.4,2.4000000000000004
1688905951387,-1.1,4.6000000000000005,1.7000000000000002
1688905951408,-1.8,4,1.8
1688905951420,-2.5,3.2,2.8000000000000003
1688905951437,-2.4000000000000004,2.9000000000000004,3.3000000000000003
1688905951454,-1,3.1,3
1688905951470,0.30000000000000004,3.1,2.5
1688905951488,1.3,2.9000000000000004,2.7
1688905951504,2,2.9000000000000004,3.4000000000000004
1688905951520,2.3000000000000003,3,4.3
1688905951541,2.7,3.3000000000000003,4
1688905951553,2.7,3.3000000000000003,4
1688905951570,3.2,3.4000000000000004,4.1000000000000005
1688905951592,4.800000000000001,2.4000000000000004,4.2
1688905951603,4.800000000000001,2.4000000000000004,4.2
1688905951623,5.300000000000001,1.8,1.8
1688905951637,5.5,1.6,2.1
1688905951655,5.5,1.6,2.1
1688905951670,4.9,1.2000000000000002,0.9
1688905951688,4.1000000000000005,-0.1,0.7000000000000001
1688905951703,3.4000000000000004,-1.1,0.30000000000000004
1688905951720,3.2,-2.2,-0.4
1688905951739,2.1,-2.7,-1.2000000000000002
1688905951753,1.9000000000000001,-2,-0.9
1688905951770,3.1,-1.5,0.5
1688905951788,4.7,-1.2000000000000002,2.2
1688905951803,5.300000000000001,-1.4000000000000001,3.5
1688905951822,4.9,-2,3.9000000000000004
1688905951836,4,-3.4000000000000004,2.4000000000000004
1688905951855,1.9000000000000001,-4,0.5
1688905951870,0,-3.7,-0.8
1688905951888,-0.5,-3.3000000000000003,-1.7000000000000002
1688905951903,-0.2,-2.7,-1.9000000000000001
1688905951922,0.2,-2.3000000000000003,-1.4000000000000001
1688905951936,0.6000000000000001,-2.2,-1.2000000000000002
BREAK
Orientation Data 
Time [ms], x [°], y [°], z [°] 
1688905949969,19.700000000000003,68,-25.200000000000003
1688905949986,351.70000000000005,69.2,-4
1688905950003,347.8,68.60000000000001,-0.5
1688905950019,342,67.2,4.9
1688905950036,340.8,66.60000000000001,6.300000000000001
1688905950053,340.5,65.9,6.9
1688905950069,340.8,65.3,7.2
1688905950086,341.3,64.7,7.2
1688905950103,343.6,64,5.9
1688905950119,349.1,63.2,2.3000000000000003
1688905950136,350.40000000000003,62.400000000000006,-0.1
1688905950153,350.8,61,-1.5
1688905950169,350.40000000000003,59.1,-2.1
1688905950186,349.8,57.2,-2.2
1688905950203,349.40000000000003,54.900000000000006,-2.2
1688905950219,349,52.800000000000004,-1.8
1688905950236,348.1,50.1,-0.9
1688905950253,347.8,47.1,-0.1
1688905950269,348.1,44.300000000000004,0.30000000000000004
1688905950286,348.40000000000003,40.800000000000004,0.1
1688905950303,348.20000000000005,37.4,0
1688905950319,347.3,34.300000000000004,0.5
1688905950336,346.1,31,1.9000000000000001
1688905950353,345.3,28.5,4
1688905950369,343,25.8,7.300000000000001
1688905950386,344.8,23.6,8.1
1688905950403,346.6,21.5,8.4
1688905950419,347.8,20.1,9.1
1688905950436,348.70000000000005,19.1,10.4
1688905950453,352.6,17.900000000000002,13.8
1688905950469,354.70000000000005,18.1,15
1688905950503,359.70000000000005,21.200000000000003,16.1
1688905950519,1.1,23.8,16.6
1688905950536,2.1,26.8,17.400000000000002
1688905950553,3.4000000000000004,29,18.400000000000002
1688905950569,4.1000000000000005,30.8,19.700000000000003
1688905950586,4.9,32.5,21.1
1688905950603,6,34.6,22.200000000000003
1688905950619,7.9,36.7,22.6
1688905950636,9,39.400000000000006,22.900000000000002
1688905950653,9.600000000000001,42.2,23.5
1688905950669,9.4,44.7,24.5
1688905950686,8.3,47.300000000000004,26.1
1688905950703,6.6000000000000005,50.1,28.400000000000002
1688905950720,6.1000000000000005,52.6,30.200000000000003
1688905950736,5.4,55.1,31.900000000000002
1688905950753,5.5,57.2,32.9
1688905950769,4.7,58.900000000000006,34
1688905950787,3.5,60.5,35
1688905950803,1.1,62.300000000000004,36.6
1688905950819,357.40000000000003,64,39.1
1688905950836,353.90000000000003,65.3,41.7
1688905950853,349.3,66.7,45.6
1688905950869,345.40000000000003,67.8,49.2
1688905950886,341.90000000000003,68.60000000000001,52.2
1688905950903,335.20000000000005,69.3,57
1688905950919,332.8,69.3,58.2
1688905950936,331.1,69.3,58.900000000000006
1688905950953,329.8,69.5,59
1688905950969,329.3,69.8,58.300000000000004
1688905950986,329.70000000000005,70.10000000000001,56.900000000000006
1688905951003,330.6,70.4,55
1688905951019,333,70.7,51.800000000000004
1688905951037,334.6,71,48.300000000000004
1688905951053,337.20000000000005,71.2,44.2
1688905951069,340.1,71.3,39.400000000000006
1688905951086,343.20000000000005,71.2,34.4
1688905951103,346.1,71,29.6
1688905951119,350.3,70.3,24
1688905951136,354.20000000000005,69.2,18.5
1688905951153,356.3,68,14.600000000000001
1688905951169,359,66.2,10.700000000000001
1688905951186,0.2,64.60000000000001,7.9
1688905951203,1.1,63.1,5.800000000000001
1688905951219,2.6,61,3.7
1688905951236,4.2,59,1.8
1688905951253,6.9,56.1,-0.6000000000000001
1688905951269,8.3,53.900000000000006,-2.5
1688905951286,9.3,49.400000000000006,-5.2
1688905951303,9,47.6,-5.4
1688905951319,9,45.5,-5.1000000000000005
1688905951336,9.600000000000001,43.300000000000004,-4.7
1688905951352,10.600000000000001,41.6,-4.6000000000000005
1688905951369,11.5,40.2,-4.6000000000000005
1688905951386,12.200000000000001,39.1,-4.3
1688905951403,12.5,37.800000000000004,-3.4000000000000004
1688905951419,13.200000000000001,36.6,-2.5
1688905951436,14.100000000000001,35.800000000000004,-1.9000000000000001
1688905951453,15,35.1,-1.5
1688905951469,16.400000000000002,34.7,-1.2000000000000002
1688905951486,17.2,34.1,-0.4
1688905951503,20.1,34,-0.1
1688905951519,20.8,33.9,0.4
1688905951536,22.3,34.2,0.9
1688905951553,23.700000000000003,34.800000000000004,1.4000000000000001
1688905951569,25.5,35.6,1.8
1688905951586,27.3,36.6,1.8
1688905951603,29,37.800000000000004,1.7000000000000002
1688905951619,30.5,39.400000000000006,1.7000000000000002
1688905951636,32.300000000000004,40.7,1.9000000000000001
1688905951652,33.5,42,2.4000000000000004
1688905951669,34.5,43.400000000000006,3.5
1688905951686,36.5,45.800000000000004,5.7
1688905951703,37.1,46.800000000000004,6.6000000000000005
1688905951720,37.300000000000004,47.5,7.5
1688905951736,37.2,48,8.700000000000001
1688905951752,37.9,48.1,9.4
1688905951769,39.1,48.1,9.4
1688905951786,40.800000000000004,48,8.5
1688905951802,42,48,7.2
1688905951819,42.1,48.2,6.7
1688905951836,40.900000000000006,48.400000000000006,7.300000000000001
1688905951852,38.6,48.7,9.600000000000001
1688905951869,37.300000000000004,48.800000000000004,12.3
1688905951886,37,48.800000000000004,14.5
1688905951902,37.7,48.900000000000006,15.9
1688905951919,39,49,16.2
1688905951936,40,49.300000000000004,16
1688905951952,40.7,49.5,15.600000000000001
