Acceleration Data 
Time [ms], x [m/s²], y [m/s²], z [m/s²] 
1688906168210,4.7,4.3,8.1
1688906168227,4.3,4,9.3
1688906168245,0.7000000000000001,1.8,10
1688906168262,-1.2000000000000002,1.1,9.600000000000001
1688906168276,-1.2000000000000002,1.1,9.600000000000001
1688906168295,-3.1,0.9,9.3
1688906168310,-2.5,1.4000000000000001,10.100000000000001
1688906168326,-1.3,1.5,11
1688906168343,-1,0.8,10.100000000000001
1688906168363,-1.9000000000000001,-0.1,8.6
1688906168376,-3.3000000000000003,-1.3,7.6000000000000005
1688906168393,-4.1000000000000005,-2.1,7
1688906168412,-4.3,-2.3000000000000003,7.5
1688906168428,-4.5,-2.5,9.600000000000001
1688906168443,-4.800000000000001,-3.5,11.3
1688906168462,-6,-4.6000000000000005,10.5
1688906168476,-7.4,-5.5,8.6
1688906168493,-8.1,-6,6.9
1688906168512,-8.1,-6.1000000000000005,5.5
1688906168528,-7.7,-6.1000000000000005,4.2
1688906168543,-7.6000000000000005,-6,2.9000000000000004
1688906168562,-7.6000000000000005,-6.1000000000000005,1.9000000000000001
1688906168576,-6.800000000000001,-6.4,1.5
1688906168596,-5.6000000000000005,-6.4,1.1
1688906168609,-4.9,-6.1000000000000005,1
1688906168628,-4.2,-5.9,0.9
1688906168643,-4.1000000000000005,-6.1000000000000005,0.8
1688906168660,-4.3,-6.4,0.8
1688906168679,-2.7,-6,0.7000000000000001
1688906168694,-1.9000000000000001,-5.5,0.6000000000000001
1688906168709,-1.3,-5.4,0.7000000000000001
1688906168730,-0.5,-5.5,1.8
1688906168743,0.6000000000000001,-5.7,2.2
1688906168759,1.1,-5.5,0.9
1688906168778,1.4000000000000001,-5.2,0.1
1688906168795,1.8,-5,-0.30000000000000004
1688906168809,1.8,-5.1000000000000005,-0.5
1688906168828,1.6,-5.2,-0.7000000000000001
1688906168843,2,-5.300000000000001,-0.7000000000000001
1688906168862,3,-5.2,-0.4
1688906168876,4,-5,0.30000000000000004
1688906168895,4.7,-4.7,0.7000000000000001
1688906168909,4.5,-4.3,0.2
1688906168929,4.1000000000000005,-3.9000000000000004,-0.4
1688906168943,4.4,-3.8000000000000003,-0.8
1688906168962,5.4,-3.5,-0.5
1688906168976,5.6000000000000005,-3.2,0.1
1688906168995,4.9,-3.4000000000000004,0.30000000000000004
1688906169009,3.6,-4,0.6000000000000001
1688906169028,2.7,-4.7,0.7000000000000001
1688906169043,2.7,-4.7,0.7000000000000001
1688906169062,6.6000000000000005,-1.3,2
1688906169076,8.3,-0.5,2.9000000000000004
1688906169093,8,-0.2,3.1
1688906169112,8,-0.1,3.9000000000000004
1688906169128,7.6000000000000005,0.9,5
1688906169143,7.4,1.9000000000000001,5.6000000000000005
1688906169162,7.1000000000000005,2.9000000000000004,5.5
1688906169176,7.5,4.2,5
1688906169193,7.5,4.6000000000000005,3.8000000000000003
1688906169210,6.5,4.4,3.1
1688906169226,5.5,4.3,3.5
1688906169243,5.1000000000000005,3.9000000000000004,4.1000000000000005
1688906169262,4.2,3.4000000000000004,4.800000000000001
1688906169276,2.5,2.9000000000000004,5.6000000000000005
1688906169296,1.2000000000000002,2.6,5.6000000000000005
1688906169309,1,2.6,5.300000000000001
1688906169328,1.3,2.7,4.3
1688906169343,1.6,2.2,2.8000000000000003
1688906169362,0.7000000000000001,1.8,2.1
1688906169376,-0.30000000000000004,1.6,1.8
1688906169396,-1,0.4,1.5
1688906169410,-1,0.4,1.5
1688906169430,-2.5,-0.30000000000000004,1.3
1688906169443,-2.5,-0.30000000000000004,1.3
1688906169464,-2.3000000000000003,-0.5,1.3
1688906169477,-2.3000000000000003,-0.5,1.3
1688906169497,-2.1,-0.30000000000000004,1.1
1688906169509,-1.4000000000000001,-0.30000000000000004,1.8
1688906169530,-1.5,-0.7000000000000001,2.6
1688906169544,-1.8,-1.3,2.3000000000000003
1688906169566,-1.7000000000000002,-1.5,2.1
1688906169579,-1.2000000000000002,-0.30000000000000004,-4.2
1688906169599,-3.6,-0.4,-6.2
1688906169610,-2.3000000000000003,-1,-2.5
1688906169627,-0.2,-1,0.6000000000000001
1688906169643,0.7000000000000001,-1.8,1.4000000000000001
1688906169662,-0.6000000000000001,-2.2,0.30000000000000004
1688906169676,-1.9000000000000001,-1.7000000000000002,-0.7000000000000001
1688906169693,-2.3000000000000003,-1.3,-0.7000000000000001
1688906169712,-1,-1.5,0
1688906169726,0,-1.4000000000000001,0
1688906169745,-0.1,-0.9,-0.30000000000000004
1688906169759,-0.7000000000000001,-0.6000000000000001,-0.8
1688906169778,-1.2000000000000002,-0.9,-1.2000000000000002
1688906169793,-1.5,-1.4000000000000001,-1.1
1688906169812,-1.1,-0.9,-0.6000000000000001
1688906169826,-0.30000000000000004,0,-0.8
1688906169843,0.2,0.7000000000000001,-0.8
1688906169862,1.2000000000000002,0.2,-0.9
BREAK
Orientation Data 
Time [ms], x [°], y [°], z [°] 
1688906168043,25.400000000000002,50.2,-35.7
1688906168062,27.8,51.300000000000004,-37.800000000000004
1688906168076,25.5,49.7,-36.2
1688906168093,23,47.7,-34.6
1688906168109,22.200000000000003,46.900000000000006,-34.5
1688906168126,21.5,46.2,-34.5
1688906168142,20.8,45.5,-34.6
1688906168159,20,44.900000000000006,-34.6
1688906168176,19.3,44.2,-34.6
1688906168192,18.5,43.5,-34.7
1688906168209,17.7,42.800000000000004,-34.7
1688906168226,15.4,42.400000000000006,-33.7
1688906168244,10.600000000000001,42.300000000000004,-32
1688906168259,5.5,42.400000000000006,-29.900000000000002
1688906168276,0.9,42.800000000000004,-27.6
1688906168292,357,43.400000000000006,-25.6
1688906168309,353.5,45.7,-25.1
1688906168342,351.70000000000005,50.900000000000006,-29.6
1688906168359,349.20000000000005,53.800000000000004,-31.400000000000002
1688906168376,345.3,56.2,-31.900000000000002
1688906168392,341.5,58.800000000000004,-31.3
1688906168409,336.5,60.800000000000004,-29.6
1688906168426,331.8,62.1,-27.5
1688906168442,327.1,63.6,-24.700000000000003
1688906168459,321.3,65.3,-20.900000000000002
1688906168476,314.6,67.3,-15.8
1688906168492,307.20000000000005,69.2,-9.600000000000001
1688906168509,300.7,70.2,-4.1000000000000005
1688906168526,294.1,71.3,2.3000000000000003
1688906168542,288.3,72.10000000000001,8.4
1688906168559,282.8,72.8,14.200000000000001
1688906168576,278,73.3,19.5
1688906168592,274.1,73.7,23.6
1688906168609,270.40000000000003,74.10000000000001,27.5
1688906168626,267,74.3,30.5
1688906168642,263.8,74.3,33.300000000000004
1688906168659,261.1,74.10000000000001,35.6
1688906168676,259.8,73.8,37
1688906168692,260.40000000000003,73.3,37.7
1688906168726,261.2,73.2,37.9
1688906168742,263.5,72.7,38.1
1688906168759,264.90000000000003,72.7,38.800000000000004
1688906168776,266.3,73.2,40
1688906168792,267.8,73.5,41.1
1688906168809,268.8,73.9,42
1688906168826,269.7,74.2,42.900000000000006
1688906168842,272.8,74.9,42.1
1688906168859,276.7,75.60000000000001,40.400000000000006
1688906168876,281.90000000000003,76.3,37.1
1688906168892,287.8,76.7,32.800000000000004
1688906168909,293.8,76.9,28.3
1688906168926,299.2,76.60000000000001,24.400000000000002
1688906168942,305.2,76,20.1
1688906168959,311,74.9,16.2
1688906168976,315.8,73.5,13.100000000000001
1688906168992,319.40000000000003,71.3,10.9
1688906169009,322.70000000000005,69.7,10.200000000000001
1688906169026,324.6,68,9.600000000000001
1688906169042,327.3,66,8.200000000000001
1688906169059,331.40000000000003,64.10000000000001,5.6000000000000005
1688906169076,335.20000000000005,62.400000000000006,2.9000000000000004
1688906169092,338.3,60.300000000000004,-0.1
1688906169109,340.1,57.800000000000004,-2.1
1688906169126,341.90000000000003,53.1,-3.9000000000000004
1688906169142,342.5,51,-4.5
1688906169159,343,49.300000000000004,-4.9
1688906169176,343.40000000000003,47.900000000000006,-5.4
1688906169193,344,46.800000000000004,-6
1688906169210,343.90000000000003,46,-6.5
1688906169226,343.1,45.400000000000006,-7
1688906169242,341.70000000000005,44.6,-7.300000000000001
1688906169259,339.3,43.7,-7.4
1688906169276,337,42.800000000000004,-7.1000000000000005
1688906169292,335.20000000000005,42.2,-6.9
1688906169309,334.1,41.900000000000006,-7.1000000000000005
1688906169326,332.8,42,-7.4
1688906169342,331.3,42.400000000000006,-7.6000000000000005
1688906169359,329.5,42.900000000000006,-7.4
1688906169376,327.40000000000003,43.400000000000006,-7
1688906169392,325.70000000000005,43.800000000000004,-6.6000000000000005
1688906169409,324.1,44.300000000000004,-6.2
1688906169426,322.20000000000005,44.7,-5.6000000000000005
1688906169442,320.3,45.1,-5
1688906169459,319,45.6,-4.5
1688906169476,317.90000000000003,46.1,-4.2
1688906169493,316.1,47.5,-4
1688906169526,314.90000000000003,49.1,-4.2
1688906169543,313.70000000000005,49.7,-3.8000000000000003
1688906169559,312.70000000000005,50.6,-2.8000000000000003
1688906169576,311.8,51.7,-1.2000000000000002
1688906169593,311.8,52.900000000000006,0.5
1688906169609,312.90000000000003,53.6,0.30000000000000004
1688906169627,312.70000000000005,53.5,-0.9
1688906169642,310.90000000000003,53,-1.2000000000000002
1688906169659,309.20000000000005,52.5,-0.30000000000000004
1688906169676,308.20000000000005,52.300000000000004,1.1
1688906169692,307.90000000000003,52.1,2.1
1688906169709,308.3,52,2.3000000000000003
1688906169726,308.6,52.1,2.2
1688906169742,308.40000000000003,52.300000000000004,2.3000000000000003
1688906169759,307.8,52.6,2.5
1688906169776,307.1,52.900000000000006,2.9000000000000004
1688906169792,306.7,53.1,3.1
1688906169809,306.8,53.300000000000004,3
1688906169826,306.7,53.5,2.8000000000000003
1688906169842,306.8,53.7,2.6
1688906169859,306.90000000000003,53.800000000000004,2.7
