Acceleration Data 
Time [ms], x [m/s²], y [m/s²], z [m/s²] 
1688906625769,2.4000000000000004,-0.6000000000000001,-1.8
1688906625783,2.8000000000000003,-1,-1.7000000000000002
1688906625799,3.3000000000000003,-0.9,-2.1
1688906625816,3.9000000000000004,-0.6000000000000001,-2.7
1688906625833,4.5,0.1,-3
1688906625850,5.4,0.5,-3
1688906625866,6.300000000000001,0.9,-2.8000000000000003
1688906625883,7.1000000000000005,1.1,-3.1
1688906625900,7.2,1.1,-2.9000000000000004
1688906625917,7,0.7000000000000001,-2.6
1688906625933,6.2,1.3,-1.8
1688906625950,5.800000000000001,2.2,-1
1688906625967,6.5,2.6,-0.1
1688906625983,7.7,3,0.8
1688906626000,8.8,3.2,1
1688906626017,9.5,3.3000000000000003,0
1688906626034,8.8,3.3000000000000003,-1.4000000000000001
1688906626050,6.800000000000001,3.1,-2
1688906626067,5.4,2.4000000000000004,-2.4000000000000004
1688906626084,4.800000000000001,2.1,-2.2
1688906626100,6.1000000000000005,3.2,-1.8
1688906626117,5.4,3.3000000000000003,-1.6
1688906626134,3.9000000000000004,2.8000000000000003,-1.1
1688906626149,2.7,2.4000000000000004,-0.9
1688906626167,1.8,1.9000000000000001,-1.2000000000000002
1688906626185,1.1,1.9000000000000001,-1.4000000000000001
1688906626200,0.4,2.1,-1
1688906626217,-0.1,1.9000000000000001,-0.30000000000000004
1688906626233,-0.6000000000000001,1.8,0
1688906626249,-0.5,2.1,0.6000000000000001
1688906626267,0,2.4000000000000004,0.9
1688906626283,0.2,2.7,1.3
1688906626300,-0.2,3,2.4000000000000004
1688906626317,-1.2000000000000002,2.4000000000000004,4.4
1688906626334,-2.7,1.6,6.1000000000000005
1688906626350,-4.2,1,8.1
1688906626367,-4.800000000000001,1,8.6
1688906626383,-4,1.2000000000000002,6.6000000000000005
1688906626400,-3.8000000000000003,1.4000000000000001,5
1688906626416,-4.7,1,4.7
1688906626433,-5.7,0.1,5.5
1688906626450,-6.4,-0.5,6.6000000000000005
1688906626467,-5.9,-0.4,7.5
1688906626483,-4.5,0,7.4
1688906626500,-4.1000000000000005,-0.2,6.2
1688906626517,-6.4,-1.4000000000000001,3.5
1688906626533,-6.800000000000001,-2.2,3.5
1688906626560,-6,-2.4000000000000004,3.6
1688906626571,-4.6000000000000005,-2,3.9000000000000004
1688906626586,-3.6,-2.1,4.2
1688906626602,-3.6,-2.9000000000000004,4.2
1688906626616,-4.6000000000000005,-3.5,3.8000000000000003
1688906626633,-5.4,-3.8000000000000003,3.1
1688906626650,-4.9,-4,1.9000000000000001
1688906626667,-4,-3.8000000000000003,0.8
1688906626683,-3.1,-3.3000000000000003,0.5
1688906626700,-2.2,-2.9000000000000004,0.9
1688906626717,-1.8,-3.1,1.5
1688906626734,-1.8,-3.3000000000000003,1.2000000000000002
1688906626751,-1.9000000000000001,-3.4000000000000004,0.5
1688906626767,-2.1,-3.6,-0.1
1688906626783,-1.9000000000000001,-3.8000000000000003,-0.30000000000000004
1688906626800,-1.4000000000000001,-3.7,-0.1
1688906626817,-1.1,-3.7,0.1
1688906626833,-0.8,-3.7,-0.1
1688906626850,-0.5,-3.7,-0.6000000000000001
1688906626866,-0.5,-3.6,-0.8
1688906626883,-0.7000000000000001,-3.8000000000000003,-0.9
1688906626900,-0.8,-3.7,0.30000000000000004
1688906626919,-0.6000000000000001,-3.6,0.7000000000000001
1688906626933,-0.2,-3.2,0.30000000000000004
1688906626949,0.2,-2.9000000000000004,-0.30000000000000004
1688906626966,0.4,-2.8000000000000003,-0.5
1688906626982,0.4,-2.8000000000000003,-0.5
1688906627000,0.7000000000000001,-2.5,-0.30000000000000004
1688906627017,1.1,-2,-0.5
1688906627033,1.4000000000000001,-1.3,-0.4
1688906627050,2.4000000000000004,-0.8,-0.4
1688906627068,3.1,-0.1,0.5
1688906627083,3.1,0.5,1.5
1688906627100,3,0.6000000000000001,1.8
1688906627117,2.1,0.4,1.2000000000000002
1688906627136,2.6,0.9,-0.8
1688906627152,1.7000000000000002,1.9000000000000001,-2.7
1688906627166,1.5,2.4000000000000004,-1.2000000000000002
1688906627184,3,1.9000000000000001,0.7000000000000001
1688906627202,3.2,0.8,0.4
1688906627216,2.8000000000000003,0.7000000000000001,-0.8
1688906627234,1.2000000000000002,1.5,-1.1
1688906627251,2.6,1.7000000000000002,1.5
1688906627266,2.6,1.7000000000000002,1.5
1688906627285,2.9000000000000004,1.5,2.7
1688906627299,1.8,0.5,1.5
1688906627318,0.6000000000000001,0.30000000000000004,0.4
1688906627332,0.6000000000000001,0.30000000000000004,0.4
1688906627350,-0.7000000000000001,-0.4,-1.1
1688906627366,-0.4,-0.7000000000000001,-1.3
1688906627382,0,-0.8,-0.7000000000000001
1688906627399,0.30000000000000004,-0.4,-0.2
BREAK
Orientation Data 
Time [ms], x [°], y [°], z [°] 
1688906625615,336.6,33.5,32.7
1688906625632,337.1,33.2,32.300000000000004
1688906625649,338.1,33.4,31.700000000000003
1688906625665,339.3,33.6,31
1688906625682,340.20000000000005,33.800000000000004,30.5
1688906625699,341,33.800000000000004,30
1688906625715,342.6,34,29.1
1688906625749,344.1,34.1,28.200000000000003
1688906625768,344.6,34.4,28
1688906625782,346.1,34.7,27.700000000000003
1688906625799,347.70000000000005,35.1,27.400000000000002
1688906625815,349.70000000000005,35.5,26.900000000000002
1688906625832,352.1,36,26.3
1688906625849,354.90000000000003,36.6,25.400000000000002
1688906625865,358,37.1,24.200000000000003
1688906625882,1.1,37.5,22.900000000000002
1688906625899,4.2,37.7,21.400000000000002
1688906625916,7.4,37.5,20
1688906625932,10.9,37,18.400000000000002
1688906625949,14.8,36.6,16.5
1688906625966,19,36.4,13.9
1688906625982,24.1,36.300000000000004,10.3
1688906625999,30.6,36.5,4.800000000000001
1688906626015,39.400000000000006,37.6,-4
1688906626032,55.2,39,-22.900000000000002
1688906626049,56.2,38.7,-23.8
1688906626066,56.6,38.400000000000006,-24.6
1688906626082,56.6,38.1,-25.3
1688906626099,56.400000000000006,37.7,-26.1
1688906626116,56.1,37.300000000000004,-26.900000000000002
1688906626133,54.6,36.4,-27.700000000000003
1688906626166,53.5,36.2,-27.8
1688906626183,50.2,36.300000000000004,-28.400000000000002
1688906626199,48.800000000000004,36.6,-28.8
1688906626216,47,36.9,-29.3
1688906626232,45.2,37.2,-29.700000000000003
1688906626249,43,37.6,-30.1
1688906626265,40.900000000000006,38,-30.5
1688906626282,39,38.400000000000006,-30.8
1688906626299,36.800000000000004,38.7,-31
1688906626316,34,39,-31
1688906626332,30.8,39.400000000000006,-30.700000000000003
1688906626349,27.5,39.900000000000006,-30.3
1688906626365,24,40.5,-30
1688906626382,21.5,41.7,-29.700000000000003
1688906626399,19.3,43.300000000000004,-29.5
1688906626415,17.400000000000002,44.7,-29.3
1688906626432,15.600000000000001,46,-28.900000000000002
1688906626449,13.5,47.400000000000006,-28.400000000000002
1688906626466,11.3,48.5,-28.200000000000003
1688906626482,10.100000000000001,50.2,-28.5
1688906626499,8.8,52.1,-28.6
1688906626515,7.4,54.1,-28
1688906626532,5.9,55.7,-26.8
1688906626557,2.9000000000000004,58.800000000000004,-24
1688906626570,1.9000000000000001,60.1,-23
1688906626585,1.1,61.1,-22.200000000000003
1688906626599,360,62.5,-20.8
1688906626615,358.6,63.5,-19.200000000000003
1688906626632,357,65,-17.1
1688906626649,355.70000000000005,66.5,-15.3
1688906626665,355.1,67.60000000000001,-13.8
1688906626682,354.8,68.7,-12.700000000000001
1688906626699,355.1,69.7,-11.9
1688906626715,355.20000000000005,70.5,-11.100000000000001
1688906626732,355.1,71.2,-10
1688906626749,354.8,71.7,-8.700000000000001
1688906626765,354.40000000000003,72.4,-7.2
1688906626782,354.8,72.8,-6
1688906626799,355.5,73.2,-5.7
1688906626816,356.8,73.60000000000001,-5.800000000000001
1688906626832,357.8,73.8,-5.7
1688906626849,358.8,74,-5.7
1688906626865,0,74.10000000000001,-5.7
1688906626882,1.5,74.3,-6
1688906626899,3.2,74.3,-6.4
1688906626915,4.800000000000001,74.10000000000001,-7
1688906626932,9.4,73.60000000000001,-9.600000000000001
1688906626965,15.4,72.9,-13.100000000000001
1688906626999,21,72.2,-16.1
1688906627015,22.900000000000002,71.7,-17.5
1688906627032,25.3,71.10000000000001,-18.8
1688906627049,27.3,70.3,-19.6
1688906627066,28.8,69.5,-20
1688906627082,30,68.5,-20.200000000000003
1688906627099,30.700000000000003,67.7,-19.700000000000003
1688906627116,30.8,67.10000000000001,-18.8
1688906627132,31.1,66.7,-17.7
1688906627149,31.5,66.9,-16.6
1688906627165,33.2,66.9,-16.6
1688906627182,34.5,66.4,-17.5
1688906627199,34.4,65.7,-17.900000000000002
1688906627215,33.800000000000004,65.10000000000001,-17.3
1688906627233,34,64.60000000000001,-16.7
1688906627249,34.6,63.900000000000006,-16.7
1688906627265,35.2,63.300000000000004,-17.2
1688906627282,35.7,62.400000000000006,-17.900000000000002
1688906627299,35.300000000000004,61.900000000000006,-18
1688906627317,33.800000000000004,61.900000000000006,-16.8
1688906627349,33.1,62.1,-16
1688906627365,32.2,62.2,-15.200000000000001
1688906627399,32.300000000000004,61.5,-15.600000000000001
1688906627415,32.2,61.1,-15.9
