Acceleration Data 
Time [ms], x [m/s²], y [m/s²], z [m/s²] 
1688906159926,3.7,4.9,5.300000000000001
1688906159943,1.6,3.9000000000000004,6.300000000000001
1688906159959,-0.5,3.3000000000000003,7.1000000000000005
1688906159976,-1.9000000000000001,3.4000000000000004,8.1
1688906159993,-3,3,8.9
1688906160010,-4.1000000000000005,2,9.4
1688906160026,-5.4,1.1,9.700000000000001
1688906160043,-6,0.4,10.200000000000001
1688906160059,-6.4,-0.2,9.700000000000001
1688906160076,-6.9,-0.6000000000000001,8.5
1688906160093,-7,-1.1,7.2
1688906160110,-7.300000000000001,-2.2,7.300000000000001
1688906160126,-7.4,-3.2,7.2
1688906160143,-8.200000000000001,-4.1000000000000005,6.7
1688906160162,-8.6,-4.9,5.9
1688906160176,-8.4,-5.6000000000000005,4.4
1688906160194,-7.7,-5.6000000000000005,2.5
1688906160210,-6.7,-5.300000000000001,1.9000000000000001
1688906160226,-5.800000000000001,-5.1000000000000005,2.3000000000000003
1688906160243,-4.5,-4.5,2.9000000000000004
1688906160260,-4.2,-4,2
1688906160277,-4.1000000000000005,-4.3,1.6
1688906160293,-3.6,-4.5,1.1
1688906160309,-3.1,-4.3,0.8
1688906160326,-3,-4.5,0.9
1688906160344,-2.5,-4.7,1.6
1688906160360,-1.3,-4.6000000000000005,3.1
1688906160376,-0.30000000000000004,-4.7,3.7
1688906160393,-0.4,-4.9,2.9000000000000004
1688906160410,-0.5,-5.5,1.5
1688906160427,-0.1,-5.800000000000001,0.2
1688906160443,-0.30000000000000004,-6,-0.6000000000000001
1688906160460,-0.8,-6.7,-0.9
1688906160476,-0.1,-7.1000000000000005,-0.2
1688906160493,2,-6.6000000000000005,2.6
1688906160510,4.1000000000000005,-6.2,4.9
1688906160526,4.800000000000001,-6.5,3.9000000000000004
1688906160544,4.6000000000000005,-7.4,1.9000000000000001
1688906160560,2.7,-6.800000000000001,-0.8
1688906160576,1.2000000000000002,-5.5,-0.8
1688906160593,1.8,-6.6000000000000005,-2.1
1688906160610,3.2,-6.2,-2.5
1688906160628,4.3,-4.5,-0.5
1688906160644,5,-5.1000000000000005,0.8
1688906160660,2.4000000000000004,-3.6,0.5
1688906160677,3.3000000000000003,-2.7,0.6000000000000001
1688906160693,4.800000000000001,-2.7,0.9
1688906160709,3.3000000000000003,-0.7000000000000001,2.5
1688906160726,2.8000000000000003,1.4000000000000001,5.300000000000001
1688906160743,4.5,2.1,6.6000000000000005
1688906160760,6.7,2.8000000000000003,7
1688906160777,9.1,5.2,6.7
1688906160792,11.3,7,6.2
1688906160810,11.5,6.800000000000001,4.3
1688906160827,9,5,3.1
1688906160843,6.6000000000000005,3.2,1.9000000000000001
1688906160860,4.3,2.3000000000000003,1.4000000000000001
1688906160877,3.1,2.1,1.9000000000000001
1688906160893,4.2,2.5,3.1
1688906160911,7.300000000000001,3.3000000000000003,2.9000000000000004
1688906160926,9.5,3.5,0.7000000000000001
1688906160943,9,2.7,-1
1688906160960,6.4,1.3,0.1
1688906160976,4,1.2000000000000002,3.3000000000000003
1688906160993,3.6,2.7,5.300000000000001
1688906161010,4.2,4.3,4.2
1688906161026,4.4,5.300000000000001,2.3000000000000003
1688906161043,3.8000000000000003,5.2,2.2
1688906161059,1.4000000000000001,4.4,4
1688906161077,0.1,3.5,4.9
1688906161092,-1.4000000000000001,2.3000000000000003,6.4
1688906161110,-2.4000000000000004,1.5,7.300000000000001
1688906161126,-2.9000000000000004,0.7000000000000001,6.800000000000001
1688906161143,-3.5,0.1,6
1688906161159,-2.8000000000000003,-0.30000000000000004,4.4
1688906161177,-2.2,-0.2,2.8000000000000003
1688906161193,-2.1,-0.2,2
1688906161210,-2.8000000000000003,-1,1.3
1688906161226,-2.8000000000000003,-1.5,0.7000000000000001
1688906161243,-2.3000000000000003,-1.5,0.8
1688906161260,-2.2,-1.4000000000000001,0.9
1688906161276,-1.8,-1.5,-0.1
1688906161293,-1.8,-1.9000000000000001,-1.1
1688906161310,-2.1,-2.2,-2
1688906161326,-1.6,-2.1,-1.4000000000000001
1688906161343,-0.6000000000000001,-1,-0.6000000000000001
1688906161365,-2,-2.1,-2
1688906161376,-2.2,-2.6,-0.7000000000000001
1688906161396,-0.6000000000000001,-1.9000000000000001,-0.4
1688906161409,0.4,-1.9000000000000001,-1
1688906161426,0,-0.9,-1.6
1688906161442,-0.2,-0.4,-2.1
1688906161460,0,-0.6000000000000001,0.2
1688906161475,0,-0.6000000000000001,0.2
1688906161494,1.1,-0.8,0.5
1688906161509,0.8,-0.30000000000000004,-0.6000000000000001
1688906161526,0.4,-0.30000000000000004,-1.4000000000000001
1688906161542,-0.2,-0.4,-1.6
1688906161559,-0.7000000000000001,-0.7000000000000001,-1.4000000000000001
1688906161576,-0.6000000000000001,-0.5,-1.7000000000000002
1688906161592,-0.2,-0.1,-1.8
1688906161609,0.4,0.4,-1.3
1688906161627,0.9,0.7000000000000001,-0.7000000000000001
1688906161642,0.5,0.5,-0.5
1688906161661,-0.1,0.30000000000000004,0.2
1688906161676,-0.1,0,0.4
1688906161695,-0.2,-0.1,-0.4
1688906161709,-0.5,-0.1,-1.3
1688906161728,-0.30000000000000004,0.2,-1.6
1688906161742,0.1,0.5,-1.2000000000000002
1688906161759,0.4,0.5,-0.30000000000000004
1688906161776,0.1,0.2,0.1
1688906161793,-0.2,0,0
1688906161809,-0.4,0,-0.5
1688906161826,-0.4,-0.2,-0.1
1688906161842,-0.1,0,0.30000000000000004
1688906161859,0.5,0.4,0.4
1688906161876,0.9,0.4,0.7000000000000001
1688906161893,0.5,0.2,0.7000000000000001
1688906161909,0,-0.1,0.5
1688906161926,0.2,-0.1,-0.2
1688906161943,0.1,-0.1,-0.5
1688906161959,0.1,-0.1,-0.2
1688906161976,0.1,0,0.2
1688906161993,0,0,0.30000000000000004
1688906162012,-0.30000000000000004,-0.2,0.7000000000000001
1688906162026,-0.1,-0.1,0.9
1688906162043,0.30000000000000004,0.1,1.3
1688906162059,0.8,0.2,1.8
1688906162078,0.9,0.2,1.1
1688906162093,0.5,0.2,0.5
1688906162109,-0.1,0.1,0
1688906162126,-0.4,0.1,-0.7000000000000001
1688906162142,-0.4,0.2,-1
1688906162159,-0.2,0.30000000000000004,-1.2000000000000002
1688906162176,0,-0.1,-1.4000000000000001
1688906162193,0.1,0,-0.7000000000000001
1688906162209,-0.4,0.1,0.7000000000000001
1688906162227,-0.6000000000000001,-0.30000000000000004,1.4000000000000001
1688906162243,-0.9,-0.9,0.5
1688906162259,-1.2000000000000002,-1.1,-1.3
1688906162278,-0.8,0,-2
1688906162294,0.5,1,0.5
1688906162309,2.1,0,0.4
1688906162326,0.30000000000000004,-0.5,-0.9
1688906162345,-2.2,0,-1.8
1688906162359,-1.8,0,-0.2
1688906162376,0.2,-0.4,1.8
1688906162395,1.3,-0.2,2.6
1688906162409,1.4000000000000001,0.30000000000000004,1.6
1688906162426,0.8,0.5,-0.30000000000000004
1688906162443,0,0.2,-1.3
1688906162459,-0.6000000000000001,0,-1.4000000000000001
1688906162476,-0.1,0.30000000000000004,-0.30000000000000004
1688906162493,0.7000000000000001,0.2,0.30000000000000004
1688906162509,0.6000000000000001,0.2,0.1
1688906162526,0.8,0.8,-0.1
1688906162542,0.9,0.6000000000000001,0.6000000000000001
1688906162559,0.6000000000000001,0.2,0.4
BREAK
Orientation Data 
Time [ms], x [°], y [°], z [°] 
1688906159776,26.400000000000002,65.7,-34.4
1688906159793,24.8,65.5,-33.1
1688906159809,24.900000000000002,65.3,-32
1688906159826,25,64.8,-30.900000000000002
1688906159842,25.8,63.1,-29.900000000000002
1688906159860,26,62.1,-27.700000000000003
1688906159876,26.1,61.7,-26.6
1688906159893,26.200000000000003,61.400000000000006,-25.6
1688906159909,26.400000000000002,61,-24.6
1688906159926,25.3,61.1,-22.8
1688906159942,20.900000000000002,61.1,-20.6
1688906159959,16.3,61.300000000000004,-18
1688906159976,11.200000000000001,61.6,-14.9
1688906159992,6.1000000000000005,62,-11.8
1688906160009,0.7000000000000001,62.5,-8.3
1688906160026,356,63,-5.2
1688906160042,350.6,64.10000000000001,-1.4000000000000001
1688906160059,345.90000000000003,65.4,1.7000000000000002
1688906160076,340.90000000000003,67,4.9
1688906160092,334.70000000000005,68.60000000000001,9
1688906160109,327.20000000000005,69.8,14.3
1688906160125,319.5,70.4,20
1688906160142,311.90000000000003,70.8,26.1
1688906160159,303.8,71.2,33.2
1688906160176,295.90000000000003,71.7,40.300000000000004
1688906160192,289.40000000000003,71.9,45.800000000000004
1688906160209,282.40000000000003,72.2,52
1688906160226,277.1,72.10000000000001,56.2
1688906160242,272.90000000000003,71.9,59.6
1688906160259,269.7,71.7,62.5
1688906160276,267.5,71.3,64.8
1688906160292,262.5,70.7,70
1688906160326,257.8,70.2,73.8
1688906160342,256.7,69.8,74.2
1688906160359,256.5,69.5,74.3
1688906160376,256.8,69.2,74.10000000000001
1688906160392,256.40000000000003,69,75
1688906160409,255.8,68.7,76.2
1688906160426,254.9,68.4,77.7
1688906160442,253.9,68.2,79.4
1688906160459,253.4,67.9,80.5
1688906160476,253.9,67.60000000000001,80.9
1688906160492,255.8,67.60000000000001,80.10000000000001
1688906160509,257.90000000000003,67.7,78.60000000000001
1688906160526,259.2,67.7,77.7
1688906160543,259.3,67.60000000000001,78.30000000000001
1688906160559,258.40000000000003,67.10000000000001,79.80000000000001
1688906160576,258.40000000000003,67.10000000000001,82.2
1688906160592,259.7,67.2,84
1688906160609,262.6,67.8,84.7
1688906160626,268,68.5,82.60000000000001
1688906160642,274.7,69.10000000000001,77.9
1688906160659,282.7,69.3,71.7
1688906160676,290.40000000000003,68.60000000000001,66.7
1688906160692,309.1,65.4,55.300000000000004
1688906160726,325.40000000000003,60.300000000000004,45.1
1688906160742,330.90000000000003,58,41.2
1688906160759,335.90000000000003,55.6,37.800000000000004
1688906160776,340.8,53.800000000000004,35.300000000000004
1688906160793,345.6,52.5,33.1
1688906160809,349,51.400000000000006,31.1
1688906160826,349.5,50.400000000000006,30.1
1688906160842,349.6,48.800000000000004,29.5
1688906160859,350.5,47.300000000000004,29
1688906160876,353.3,45.6,27.700000000000003
1688906160892,357.5,44.7,25.3
1688906160909,2.3000000000000003,44.6,21.400000000000002
1688906160926,5.300000000000001,45.300000000000004,17
1688906160942,5.1000000000000005,45.900000000000006,13.4
1688906160959,6.7,46.1,9.5
1688906160976,6.4,45.6,6.2
1688906160992,9.200000000000001,45.2,1.8
1688906161009,7.2,45.5,-1.4000000000000001
1688906161026,8.200000000000001,46.400000000000006,-4.9
1688906161042,7.6000000000000005,47.2,-8
1688906161059,4.1000000000000005,47.300000000000004,-9.600000000000001
1688906161076,1.1,46.900000000000006,-10.100000000000001
1688906161092,357,46,-9.5
1688906161109,353.1,45,-8.4
1688906161126,350.40000000000003,44.2,-7.2
1688906161142,346.1,44,-5.2
1688906161176,342.6,45.7,-3.8000000000000003
1688906161192,340.6,46.800000000000004,-2.8000000000000003
1688906161209,338.1,47.7,-1.6
1688906161226,335.5,48.300000000000004,0
1688906161242,333.40000000000003,48.900000000000006,1.9000000000000001
1688906161259,332.40000000000003,49.400000000000006,3.4000000000000004
1688906161275,331.20000000000005,50.300000000000004,5
1688906161292,330.3,51.2,6.4
1688906161309,329,52,7.7
1688906161325,328.3,52.800000000000004,8.700000000000001
1688906161342,327.70000000000005,53.5,9.4
1688906161359,327.20000000000005,54.7,10.200000000000001
1688906161376,327.5,55.900000000000006,10.200000000000001
1688906161392,325.3,56.5,10.4
1688906161409,322.90000000000003,56.6,11.100000000000001
1688906161426,322.40000000000003,56.5,12.100000000000001
1688906161442,322.90000000000003,56.400000000000006,12.8
1688906161460,325.70000000000005,56.800000000000004,12.100000000000001
1688906161492,324,57,11.3
1688906161526,322.3,57.1,13.100000000000001
1688906161542,322.1,57.2,14
1688906161559,322.1,57.300000000000004,14.600000000000001
1688906161575,322.20000000000005,57.300000000000004,14.9
1688906161592,322.3,57.400000000000006,15
1688906161609,322.6,57.5,14.9
1688906161626,323.6,57.6,14.4
1688906161642,324.3,57.7,14.100000000000001
1688906161659,324.8,57.6,14
1688906161675,325.20000000000005,57.6,13.9
1688906161692,325.40000000000003,57.7,13.9
1688906161709,325.40000000000003,57.900000000000006,14
1688906161725,325.5,58.2,14.100000000000001
1688906161742,325.70000000000005,58.300000000000004,14.100000000000001
1688906161759,326.20000000000005,58.1,13.8
1688906161775,326.5,58,13.600000000000001
1688906161792,326.6,57.900000000000006,13.600000000000001
1688906161809,326.90000000000003,57.900000000000006,13.5
1688906161825,327.1,57.800000000000004,13.4
1688906161842,327.5,57.7,13.100000000000001
1688906161859,327.8,57.5,12.700000000000001
1688906161876,328.20000000000005,57.300000000000004,12.5
1688906161892,328.5,57.2,12.4
1688906161909,328.70000000000005,57.1,12.4
1688906161925,329,57.1,12.3
1688906161943,329,57.5,12.200000000000001
1688906161959,329.1,57.5,12.100000000000001
1688906161976,329,57.5,12
1688906161992,329.1,57.5,11.9
1688906162011,329,57.300000000000004,11.9
1688906162025,329.1,57.2,11.8
1688906162042,329.40000000000003,57.1,11.700000000000001
1688906162059,329.90000000000003,57.2,11.600000000000001
1688906162078,329.90000000000003,57.6,11.700000000000001
1688906162092,329.6,58,12.100000000000001
1688906162109,329.40000000000003,58.400000000000006,12.600000000000001
1688906162125,329,58.900000000000006,13.200000000000001
1688906162142,328.8,59.300000000000004,13.8
1688906162159,329,59.6,14
1688906162175,329,59.800000000000004,14.100000000000001
1688906162192,329,59.900000000000006,14
1688906162209,328.70000000000005,59.6,13.9
1688906162226,328.3,59.400000000000006,13.9
1688906162242,327.70000000000005,59.300000000000004,14.100000000000001
1688906162259,327.40000000000003,59.5,14.5
1688906162275,327.20000000000005,59.7,14.600000000000001
1688906162292,327.1,60,14.700000000000001
1688906162309,328.90000000000003,60,13.700000000000001
1688906162326,328.20000000000005,59.6,12.8
1688906162342,328.1,59.400000000000006,13
1688906162359,329.1,59.2,12.5
1688906162375,330,59,11.3
1688906162392,330.6,58.7,10.100000000000001
1688906162409,330.70000000000005,58.5,9.4
1688906162425,330.40000000000003,58.5,9.4
1688906162442,330.5,58.7,9.600000000000001
1688906162459,330.70000000000005,59,9.700000000000001
1688906162475,330.8,59,9.4
1688906162492,330.90000000000003,58.900000000000006,8.9
1688906162509,330.5,58.7,8.8
1688906162525,330.40000000000003,58.5,8.9
1688906162542,330.90000000000003,58.300000000000004,8.9
