Acceleration Data 
Time [ms], x [m/s²], y [m/s²], z [m/s²] 
1688906221401,-2.1,-4.5,-2.1
1688906221418,-1.8,-4.5,-1.8
1688906221434,-1.7000000000000002,-4.800000000000001,-1.1
1688906221451,-2.1,-5.1000000000000005,-0.8
1688906221468,-2.6,-5.2,-1
1688906221484,-3.4000000000000004,-5.300000000000001,-0.9
1688906221501,-4.6000000000000005,-5.1000000000000005,-0.8
1688906221518,-6,-5.2,-0.9
1688906221534,-6.800000000000001,-5.4,-0.2
1688906221551,-7.2,-5.1000000000000005,0.9
1688906221568,-7.7,-4.3,1.8
1688906221584,-8.4,-3.4000000000000004,2.9000000000000004
1688906221601,-9,-2.1,3.3000000000000003
1688906221618,-8.8,-1.1,4.3
1688906221634,-8.4,-0.9,4.4
1688906221651,-7.800000000000001,-0.1,5.2
1688906221668,-6.2,1.6,7.2
1688906221684,-2,4.6000000000000005,9.8
1688906221701,-0.6000000000000001,5,9.200000000000001
1688906221718,-0.30000000000000004,4.2,7.5
1688906221735,-1.5,3.2,6.1000000000000005
1688906221751,-2.2,3.3000000000000003,5.2
1688906221767,0.1,4.2,4.6000000000000005
1688906221785,3.1,5.1000000000000005,4.6000000000000005
1688906221801,5,5.7,4.3
1688906221818,6.5,6.1000000000000005,5
1688906221835,7.2,6.4,5.800000000000001
1688906221852,8.200000000000001,6.300000000000001,6.7
1688906221869,8.8,5.7,6.7
1688906221885,8.8,5.1000000000000005,6.4
1688906221902,9,4.6000000000000005,5.6000000000000005
1688906221918,9.3,4.2,4.7
1688906221935,9.5,3.6,3.5
1688906221952,9.3,2.7,2.4000000000000004
1688906221968,8.700000000000001,2,1.7000000000000002
1688906221985,8,1.2000000000000002,0.8
1688906222001,7.2,0.4,0
1688906222018,6.7,-0.1,-0.8
1688906222034,6.4,0,-1.4000000000000001
1688906222052,6.4,-0.1,-1.3
1688906222068,6.4,-0.1,-1.3
1688906222085,6.4,-1.1,-0.9
1688906222101,6.7,-1.2000000000000002,-1.1
1688906222117,6.5,-1.6,-1.6
1688906222135,5.6000000000000005,-2,-1.6
1688906222151,5.5,-2.5,-1.4000000000000001
1688906222169,5.7,-3.3000000000000003,-1.1
1688906222185,5.5,-4.2,-0.6000000000000001
1688906222202,5.1000000000000005,-5,-0.4
1688906222218,4.9,-5.300000000000001,-0.1
1688906222235,4.6000000000000005,-5.5,-0.2
1688906222251,4,-5.800000000000001,-0.6000000000000001
1688906222268,3.4000000000000004,-6.1000000000000005,-1.1
1688906222285,3,-6.5,-1.5
1688906222301,2.6,-7,-1.8
1688906222318,1.7000000000000002,-7.1000000000000005,-2.1
1688906222336,0.9,-7.2,-2.2
1688906222350,0.7000000000000001,-7.4,-2.2
1688906222368,1.1,-7.5,-2.4000000000000004
1688906222385,1.1,-7.300000000000001,-2.3000000000000003
1688906222401,0.30000000000000004,-6.800000000000001,-2.1
1688906222418,-0.9,-6.5,-2
1688906222435,-1.5,-6.5,-1.7000000000000002
1688906222451,-1.4000000000000001,-6.7,-0.30000000000000004
1688906222468,-1.9000000000000001,-5.7,0
1688906222485,-2.2,-5.1000000000000005,0.2
1688906222501,-2.1,-4.1000000000000005,0.6000000000000001
1688906222518,-2.3000000000000003,-3.1,0.9
1688906222535,-2.9000000000000004,-2.4000000000000004,1.1
1688906222552,-4.3,-2.7,0.8
1688906222569,-5.5,-3,1.1
1688906222585,-5.6000000000000005,-2,2
1688906222601,-5.300000000000001,-0.1,2.8000000000000003
1688906222618,-5.300000000000001,1.5,3.8000000000000003
1688906222635,-5,2.1,4.6000000000000005
1688906222651,-3.6,2.2,4.7
1688906222668,-3.3000000000000003,3.1,4
1688906222685,-4.3,3.5,3.9000000000000004
1688906222702,-5.2,3.4000000000000004,4.5
1688906222718,-5,4.1000000000000005,5.800000000000001
1688906222735,-2.7,5.1000000000000005,6.6000000000000005
1688906222751,-0.30000000000000004,5.9,6.5
1688906222769,0.30000000000000004,6.6000000000000005,6.2
1688906222784,0.2,6.9,6.4
1688906222801,1.1,7,6.300000000000001
1688906222818,2.6,7.1000000000000005,5.9
1688906222835,4.3,7.300000000000001,5.300000000000001
1688906222851,4.3,7.300000000000001,5.300000000000001
1688906222869,4.800000000000001,5.9,5.800000000000001
1688906222885,5.300000000000001,5.2,4.5
1688906222900,5.300000000000001,3.8000000000000003,3.2
1688906222918,4.7,2.1,2
1688906222935,4.2,1,1.4000000000000001
1688906222952,4.2,0.30000000000000004,0.9
1688906222968,4,-0.30000000000000004,-0.2
1688906222985,3.4000000000000004,-0.9,-1.2000000000000002
1688906223001,2.8000000000000003,-1.3,-1.5
1688906223018,3,-1.3,-1.3
1688906223035,3.7,-1.2000000000000002,-0.9
1688906223052,3.9000000000000004,-1.4000000000000001,-1.1
1688906223068,3.5,-1.8,-1.6
1688906223085,2.6,-1.9000000000000001,-2
1688906223102,2.1,-1.9000000000000001,-2.4000000000000004
1688906223118,2.3000000000000003,-1.9000000000000001,-2.8000000000000003
1688906223136,2.4000000000000004,-1.9000000000000001,-3.4000000000000004
1688906223155,2.6,-1.5,-4.5
1688906223174,0.9,-1.3,-2.1
1688906223186,0.9,-1.3,-2.1
1688906223203,1.4000000000000001,-2.6,-0.6000000000000001
1688906223217,1.4000000000000001,-2.9000000000000004,-0.1
1688906223234,1.4000000000000001,-1.9000000000000001,0.5
1688906223256,2.4000000000000004,-1.5,-0.1
1688906223267,2.4000000000000004,-1.5,-0.1
1688906223284,2.1,-1.6,-0.2
1688906223301,0.4,-2.2,-1.1
1688906223317,0.5,-2.1,-1.2000000000000002
1688906223334,1,-1.4000000000000001,-0.8
1688906223351,1,-0.9,-0.8
1688906223367,0.1,-0.4,-1.1
1688906223384,-1.3,0.1,-1.2000000000000002
1688906223401,-1.5,1,-0.6000000000000001
1688906223417,-1.3,1.4000000000000001,0.4
1688906223434,-0.8,1.8,1.2000000000000002
BREAK
Orientation Data 
Time [ms], x [°], y [°], z [°] 
1688906221234,36,79,-41.7
1688906221267,30.700000000000003,78.5,-36.800000000000004
1688906221284,26,76.4,-29.400000000000002
1688906221300,24.5,74.7,-26.400000000000002
1688906221317,22.6,73.8,-23.400000000000002
1688906221335,20.8,73,-20.5
1688906221351,19,72.3,-17.900000000000002
1688906221367,17.400000000000002,71.60000000000001,-15.3
1688906221385,16,71,-12.9
1688906221400,21.6,71.8,-16.400000000000002
1688906221417,23.700000000000003,72.4,-20.200000000000003
1688906221434,26.200000000000003,72.9,-24.200000000000003
1688906221450,27.200000000000003,73.10000000000001,-27.3
1688906221467,27.400000000000002,73.2,-29.200000000000003
1688906221484,28.5,73.2,-31.400000000000002
1688906221500,26.700000000000003,73,-31.700000000000003
1688906221517,25.3,72.10000000000001,-30.8
1688906221534,23.1,70.7,-29.400000000000002
1688906221550,22,68.9,-28.200000000000003
1688906221567,21.400000000000002,66.3,-27.400000000000002
1688906221584,20.8,63.800000000000004,-26.8
1688906221601,20.3,60.5,-26.200000000000003
1688906221617,19.200000000000003,57.5,-25.1
1688906221634,17.8,54,-23.3
1688906221650,16.400000000000002,50.1,-20.900000000000002
1688906221667,16.3,46.2,-18.900000000000002
1688906221684,17,42.6,-17.6
1688906221701,18.1,39.1,-17
1688906221717,16.8,35.4,-15
1688906221734,14.700000000000001,34.1,-12.9
1688906221750,12.3,33,-10.100000000000001
1688906221784,9,31.200000000000003,-4.6000000000000005
1688906221800,6.1000000000000005,31.1,-1.3
1688906221817,8.6,30.900000000000002,-0.9
1688906221834,11.100000000000001,31,-0.7000000000000001
1688906221851,13.3,31.5,-0.6000000000000001
1688906221867,15.3,32.300000000000004,-0.6000000000000001
1688906221884,16.1,33.5,-0.4
1688906221900,16.7,35.1,0.2
1688906221917,17.900000000000002,36.6,0.7000000000000001
1688906221934,18.5,38.400000000000006,1.5
1688906221950,19,40.400000000000006,2.3000000000000003
1688906221967,19.400000000000002,42.5,3.2
1688906221984,19.700000000000003,44.6,4.2
1688906222000,18.900000000000002,47.1,5.5
1688906222017,19.1,49.5,6.7
1688906222034,19.400000000000002,51.6,7.4
1688906222051,17.8,54.2,9
1688906222067,17.1,56.1,10.200000000000001
1688906222084,15,58,12
1688906222100,11.4,60.7,15.9
1688906222134,7.6000000000000005,63,20.3
1688906222167,2.8000000000000003,65.10000000000001,24.3
1688906222184,0.6000000000000001,65.8,25.6
1688906222201,358,66.4,27.200000000000003
1688906222217,355.20000000000005,67,29
1688906222234,352.8,67.60000000000001,30.5
1688906222250,350.40000000000003,68.3,32
1688906222267,348,69,33.4
1688906222284,345.20000000000005,70,35.1
1688906222300,342.70000000000005,70.8,36.1
1688906222317,340.70000000000005,71.7,36.7
1688906222334,339.20000000000005,72.60000000000001,36.800000000000004
1688906222351,338.40000000000003,73.7,36
1688906222367,338.40000000000003,74.7,34.2
1688906222384,339.8,75.9,31.3
1688906222401,341.20000000000005,76.9,27.6
1688906222417,343.70000000000005,77.7,23.1
1688906222434,346.8,78.2,17.900000000000002
1688906222450,351.20000000000005,78.60000000000001,11.5
1688906222467,356.70000000000005,78.7,4.1000000000000005
1688906222484,3.7,78.60000000000001,-4.9
1688906222500,14.100000000000001,77.30000000000001,-20
1688906222517,18.1,76.2,-25.200000000000003
1688906222534,19.900000000000002,74.7,-28.3
1688906222550,19.200000000000003,73.10000000000001,-28.900000000000002
1688906222567,18,71.2,-28.200000000000003
1688906222584,17.2,69.3,-27.5
1688906222600,17,66.5,-27
1688906222617,16.7,64.3,-26.700000000000003
1688906222634,16.7,61.6,-26.200000000000003
1688906222650,16.900000000000002,59.2,-25.900000000000002
1688906222667,16.6,57.2,-25.3
1688906222684,15.8,55.1,-24.200000000000003
1688906222700,14.8,52.5,-22.5
1688906222717,14.9,50.400000000000006,-21.400000000000002
1688906222734,15.4,48.2,-20.8
1688906222751,16,46.1,-20.5
1688906222767,16.5,44.7,-20
1688906222784,16.900000000000002,43.400000000000006,-19.3
1688906222800,17.5,42.300000000000004,-18.6
1688906222817,18.3,41.6,-18
1688906222834,19.200000000000003,41.1,-17.3
1688906222850,19.400000000000002,40.7,-16.1
1688906222867,19.8,40.6,-14.8
1688906222884,20.5,41,-13.600000000000001
1688906222901,21,42.7,-11.5
1688906222917,20.200000000000003,43.900000000000006,-10
1688906222934,19.400000000000002,45.2,-8.200000000000001
1688906222951,18.400000000000002,46.6,-6.2
1688906222967,17.900000000000002,47.900000000000006,-4.5
1688906223000,17.3,50.1,-1.1
1688906223017,16.3,51.2,0.4
1688906223034,16.7,52,1.2000000000000002
1688906223050,16.7,53,1.9000000000000001
1688906223067,16.5,54.1,2.5
1688906223084,16.3,55,3.1
1688906223100,15.700000000000001,56.2,3.8000000000000003
1688906223117,15.5,57.300000000000004,4.3
1688906223134,15.600000000000001,58.2,4.6000000000000005
1688906223150,15.700000000000001,58.900000000000006,5
1688906223167,15.5,59.300000000000004,5.7
1688906223184,16.6,59.1,5.7
1688906223200,16.8,58.6,5.5
1688906223217,16.7,58.1,5.4
1688906223234,17,57.7,5.1000000000000005
1688906223250,17.2,57.6,4.6000000000000005
1688906223267,17.3,57.6,4.2
1688906223284,17.1,57.5,4
1688906223300,16,57,4.6000000000000005
1688906223334,15.5,56.2,5.6000000000000005
1688906223350,15.5,55.800000000000004,5.800000000000001
1688906223367,15,55.300000000000004,6.300000000000001
1688906223384,14.5,55,6.9
1688906223400,14.200000000000001,54.7,7.300000000000001
1688906223417,14.200000000000001,54.6,7
1688906223434,14.100000000000001,54.7,6.5
