Acceleration Data 
Time [ms], x [m/s²], y [m/s²], z [m/s²] 
1688905878315,0.2,2.9000000000000004,6.9
1688905878327,0.9,4.4,6.6000000000000005
1688905878343,1,5.300000000000001,6
1688905878360,-0.8,5.6000000000000005,5.4
1688905878377,-2.9000000000000004,5.300000000000001,6.5
1688905878393,-4,4.6000000000000005,7.7
1688905878410,-5.1000000000000005,4.4,8.3
1688905878426,-5.800000000000001,4.3,8.8
1688905878443,-5.6000000000000005,4.1000000000000005,9
1688905878460,-5.7,3.7,9.5
1688905878477,-6.300000000000001,2.8000000000000003,10.200000000000001
1688905878494,-7.800000000000001,1.3,9.9
1688905878510,-9,0.1,9.3
1688905878527,-9,-1.1,8.4
1688905878544,-8.6,-1.6,7.4
1688905878561,-8.9,-2.7,6.5
1688905878577,-9.1,-3.6,6.5
1688905878593,-8.700000000000001,-4.2,6.300000000000001
1688905878610,-8.200000000000001,-4.7,5.2
1688905878627,-7.9,-5.1000000000000005,4.4
1688905878643,-7.6000000000000005,-5.800000000000001,4
1688905878661,-5.6000000000000005,-6.4,2.7
1688905878677,-3.9000000000000004,-6,2.4000000000000004
1688905878693,-2.4000000000000004,-5.800000000000001,2.1
1688905878710,-1.8,-6.1000000000000005,2.4000000000000004
1688905878727,-1.7000000000000002,-6.6000000000000005,2.4000000000000004
1688905878744,-1.8,-6.9,2.3000000000000003
1688905878760,-1.1,-7.300000000000001,2.1
1688905878777,-0.1,-7.2,2.1
1688905878794,1.2000000000000002,-7.1000000000000005,2
1688905878810,2.5,-6.800000000000001,2
1688905878827,3.8000000000000003,-6.5,2.1
1688905878844,4.1000000000000005,-6.7,1.8
1688905878860,3.4000000000000004,-6.6000000000000005,0.9
1688905878877,3.6,-6.6000000000000005,0.4
1688905878894,5.800000000000001,-6,1.8
1688905878910,7.9,-4.9,3.3000000000000003
1688905878927,8,-5,2.2
1688905878944,5.4,-5.5,-0.2
1688905878960,3.5,-5.800000000000001,0.1
1688905878977,4.2,-6,2.6
1688905878994,5.5,-5.6000000000000005,3.8000000000000003
1688905879010,7.2,-4.9,3.9000000000000004
1688905879027,8.9,-3.7,3.7
1688905879043,9.700000000000001,-2.8000000000000003,3.4000000000000004
1688905879060,8.5,-2.8000000000000003,2.8000000000000003
1688905879077,6.800000000000001,-3.4000000000000004,5.9
1688905879094,7.5,-2.3000000000000003,6.6000000000000005
1688905879110,8.5,-1.5,5.4
1688905879127,9.4,-0.8,4.2
1688905879143,10.3,0.2,3.4000000000000004
1688905879159,10.3,0.2,3.4000000000000004
1688905879177,10.700000000000001,2.2,4.6000000000000005
1688905879193,10.3,2.6,5.9
1688905879210,9.200000000000001,3,6.300000000000001
1688905879227,7.800000000000001,3.9000000000000004,6.800000000000001
1688905879243,8.4,5.4,8
1688905879260,10.200000000000001,7.4,8.4
1688905879277,10.4,9.1,7.4
1688905879294,9.4,9.3,6
1688905879310,6.9,8.6,5.800000000000001
1688905879327,5,8,6.5
1688905879344,3.8000000000000003,7.9,7.5
1688905879360,2.7,7.4,7.7
1688905879377,1.6,6.1000000000000005,7
1688905879393,0.1,5.2,6.4
1688905879410,-1.8,4.5,5
1688905879427,-3.7,4.6000000000000005,3.5
1688905879444,-4.7,4.4,2.8000000000000003
1688905879460,-3.9000000000000004,3.5,5.300000000000001
1688905879477,-3.9000000000000004,3.5,5.300000000000001
1688905879499,-4.2,2,7.6000000000000005
1688905879510,-4.6000000000000005,1.4000000000000001,8.4
1688905879526,-5,0.4,8.700000000000001
1688905879543,-5.6000000000000005,-0.9,8.200000000000001
1688905879560,-6,-2.1,6.5
1688905879577,-5.9,-2.9000000000000004,4.1000000000000005
1688905879594,-5.5,-3.5,1.8
1688905879610,-5.6000000000000005,-3.8000000000000003,0.2
1688905879627,-5.7,-3.9000000000000004,-0.30000000000000004
1688905879644,-4.9,-3.8000000000000003,0.4
1688905879661,-3.7,-3.6,1
1688905879677,-2.5,-4.1000000000000005,1.6
1688905879695,-2.1,-4.6000000000000005,1.7000000000000002
1688905879710,-2.6,-5.300000000000001,0.9
1688905879726,-3.1,-5.9,-0.4
1688905879743,-2.7,-6,-0.30000000000000004
1688905879760,-1.8,-6.2,-0.1
1688905879777,-1,-6.300000000000001,-0.2
1688905879793,-0.30000000000000004,-6.2,0.1
1688905879810,0.2,-5.9,0.2
1688905879827,0.5,-5.4,0
1688905879844,1,-4.9,0.5
1688905879860,2.1,-4.3,0
1688905879877,2.7,-3.5,-0.1
1688905879893,3.2,-2.7,1.2000000000000002
1688905879910,3.9000000000000004,-2,3.6
1688905879927,5.5,-1.7000000000000002,-2.6
1688905879947,1.4000000000000001,-0.9,0.30000000000000004
1688905879963,0.5,-1.4000000000000001,1
1688905879979,2.1,-2.6,-0.2
1688905879993,2.4000000000000004,-2.5,-1.3
1688905880010,1.1,-1.5,-2.3000000000000003
1688905880029,0.1,-0.9,-1.5
1688905880043,0.8,-1,0.6000000000000001
1688905880062,2.2,-1.1,2.4000000000000004
1688905880076,2.5,-1.1,3.4000000000000004
1688905880093,3.5,-1.4000000000000001,2.2
1688905880110,2.8000000000000003,-1.3,1.2000000000000002
1688905880126,1.5,-1.2000000000000002,-0.30000000000000004
1688905880143,-0.1,-1.8,-0.9
1688905880160,-0.7000000000000001,-2.2,-0.2
1688905880176,-0.5,-1.8,0.9
1688905880193,0.1,-1.3,1.8
1688905880209,0.30000000000000004,-1.7000000000000002,1.9000000000000001
BREAK
Orientation Data 
Time [ms], x [°], y [°], z [°] 
1688905878159,19.1,53,-26.400000000000002
1688905878176,18.7,51.7,-25.8
1688905878193,18.1,50.6,-25.3
1688905878209,17.5,49.400000000000006,-24.900000000000002
1688905878227,16.900000000000002,48.300000000000004,-24.5
1688905878243,16.5,47.300000000000004,-24.200000000000003
1688905878259,15.9,45.5,-23.900000000000002
1688905878277,15.8,44.800000000000004,-23.900000000000002
1688905878293,16.3,45.300000000000004,-24.700000000000003
1688905878314,17.8,45,-26
1688905878326,15.9,45,-26.900000000000002
1688905878342,14.600000000000001,45.2,-27.700000000000003
1688905878359,12.8,45.800000000000004,-28
1688905878376,10.5,46.400000000000006,-27.900000000000002
1688905878392,8.1,47,-27.400000000000002
1688905878409,5.2,47.800000000000004,-26.6
1688905878426,2.3000000000000003,48.400000000000006,-25.8
1688905878443,359.90000000000003,49.300000000000004,-24.8
1688905878459,357.40000000000003,50.400000000000006,-23.5
1688905878476,354.90000000000003,51.5,-22.1
1688905878493,352,53,-20.1
1688905878510,349.20000000000005,55,-18
1688905878526,346.8,57.1,-16
1688905878543,344.3,59.5,-13.9
1688905878559,341.3,62.300000000000004,-11.100000000000001
1688905878576,337.40000000000003,64.9,-7.300000000000001
1688905878592,333.6,66.8,-3.4000000000000004
1688905878609,328.1,69,2.4000000000000004
1688905878626,322.3,70.60000000000001,9.1
1688905878643,315.70000000000005,71.9,16.900000000000002
1688905878659,308.6,72.8,25.5
1688905878676,301.6,73.4,34.2
1688905878693,295.1,73.8,42.5
1688905878709,288.7,73.8,50.6
1688905878726,277.8,72.60000000000001,65.3
1688905878743,274.7,71.5,70.5
1688905878759,271.8,70.5,75.60000000000001
1688905878776,269.90000000000003,69.60000000000001,80.30000000000001
1688905878793,269.3,68.9,84.10000000000001
1688905878809,268.90000000000003,68.4,87.60000000000001
1688905878826,88.9,112,-89.2
1688905878843,89,112.4,-86.2
1688905878859,89.30000000000001,112.9,-83.30000000000001
1688905878876,90.10000000000001,113.4,-80.60000000000001
1688905878893,92,113.5,-78.60000000000001
1688905878909,94.5,113.60000000000001,-77.4
1688905878926,95.80000000000001,113.60000000000001,-76.10000000000001
1688905878943,96.2,114.5,-73.8
1688905878959,101.5,114.2,-75
1688905878976,108.80000000000001,113.7,-77.9
1688905878993,117.30000000000001,112.9,-82.5
1688905879010,125.30000000000001,112.10000000000001,-87.2
1688905879026,311.6,68.5,88.60000000000001
1688905879042,318.8,68.9,82.9
1688905879059,324.90000000000003,68.60000000000001,77.5
1688905879076,331.8,67.60000000000001,71.7
1688905879093,339.5,66.3,65.5
1688905879109,348.3,64.60000000000001,58.6
1688905879126,360,62.1,48.800000000000004
1688905879143,4.3,60.900000000000006,44.7
1688905879176,13.5,57.400000000000006,35.9
1688905879192,17.400000000000002,55.300000000000004,31.8
1688905879209,20.3,53.1,28.1
1688905879226,22,51.2,25.1
1688905879243,24.700000000000003,49.2,21.6
1688905879259,27.6,47.5,17.5
1688905879276,28.400000000000002,46.300000000000004,14.200000000000001
1688905879293,28.8,45.1,11.700000000000001
1688905879309,28.400000000000002,43.900000000000006,10.100000000000001
1688905879326,27.900000000000002,42.6,8.6
1688905879343,26.8,41.6,7.300000000000001
1688905879359,25.6,40.7,6
1688905879376,23.3,40,5.2
1688905879392,21,39.800000000000004,4.7
1688905879409,19,39.800000000000004,4.5
1688905879426,16.7,40.300000000000004,4.3
1688905879443,15,40.800000000000004,3.7
1688905879459,13.8,41.300000000000004,2.6
1688905879476,12.200000000000001,41.6,1.4000000000000001
1688905879493,8.1,42.2,-0.7000000000000001
1688905879509,7,42.800000000000004,-0.7000000000000001
1688905879526,5.1000000000000005,43.900000000000006,-0.30000000000000004
1688905879542,3.3000000000000003,45.5,0.2
1688905879559,1.5,48.1,1
1688905879576,359.5,51.1,1.9000000000000001
1688905879593,357.3,54.2,3.2
1688905879609,355,57.1,4.9
1688905879626,353,59.2,6.800000000000001
1688905879643,351.1,61.2,9
1688905879660,350.1,62.5,10.700000000000001
1688905879676,349.3,63.7,12.3
1688905879693,348.5,64.8,13.8
1688905879709,348,65.60000000000001,15.3
1688905879726,346.70000000000005,66.60000000000001,17.400000000000002
1688905879742,346.1,67.4,19.1
1688905879759,346,67.9,20.400000000000002
1688905879776,346.20000000000005,68.2,21.6
1688905879792,347.70000000000005,68.3,22.200000000000003
1688905879809,349.5,68.3,22.5
1688905879826,351.90000000000003,68.5,22.700000000000003
1688905879842,354.70000000000005,68.9,22.400000000000002
1688905879860,357.3,69.5,21.8
1688905879876,359.20000000000005,70,21.400000000000002
1688905879893,1.4000000000000001,70.60000000000001,20.700000000000003
1688905879909,4.3,71.2,19.8
1688905879926,7.300000000000001,71.5,18.8
1688905879943,9.4,72.4,21.6
1688905879959,10.9,72.5,22.8
1688905879979,12.4,72.5,22.6
1688905879993,15.100000000000001,72.4,21.400000000000002
1688905880009,18.1,72.2,20.3
1688905880029,21.6,71.8,18.7
1688905880042,26.400000000000002,71.10000000000001,15.5
1688905880059,31.3,70.2,11.4
1688905880076,34.5,69.4,8.4
1688905880092,36.800000000000004,68.4,6.4
1688905880109,37.800000000000004,67.5,6.300000000000001
1688905880126,38,66.7,7.7
1688905880142,38.1,65.7,9.600000000000001
1688905880159,38.900000000000006,64.8,11
1688905880176,40.1,64,11.5
1688905880192,41.2,63.400000000000006,11.200000000000001
1688905880209,41.800000000000004,63,10.8
