Acceleration Data 
Time [ms], x [m/s²], y [m/s²], z [m/s²] 
1688906283418,3.6,0.7000000000000001,3.3000000000000003
1688906283434,4,1.2000000000000002,3.3000000000000003
1688906283451,3.3000000000000003,1.2000000000000002,3.3000000000000003
1688906283468,1.9000000000000001,1.2000000000000002,4.4
1688906283484,0.5,1.9000000000000001,5.9
1688906283501,-1.3,3.7,6.300000000000001
1688906283518,-1.9000000000000001,4.6000000000000005,6
1688906283536,-2,3.7,7.9
1688906283551,-1.9000000000000001,2.3000000000000003,10.9
1688906283568,-1.4000000000000001,0.8,12.8
1688906283585,-1.9000000000000001,0.5,12.5
1688906283601,-2.7,0.7000000000000001,10.3
1688906283618,-4.2,0.7000000000000001,8.4
1688906283636,-6.2,-0.6000000000000001,6.9
1688906283651,-6,-0.7000000000000001,6.2
1688906283668,-6,-0.7000000000000001,6.2
1688906283685,-3.5,-1.1,6.800000000000001
1688906283702,-4.2,-1.7000000000000002,6.9
1688906283718,-5.4,-2.8000000000000003,6.5
1688906283734,-6.1000000000000005,-3.8000000000000003,5.9
1688906283750,-6.300000000000001,-4.5,4.6000000000000005
1688906283768,-6.300000000000001,-4.9,3.1
1688906283786,-6.1000000000000005,-5.2,1.8
1688906283801,-5,-5.4,1.6
1688906283818,-3.5,-5.4,1.8
1688906283835,-2.6,-5.5,2
1688906283851,-2.6,-5.6000000000000005,1.8
1688906283868,-2.7,-5.9,1.3
1688906283885,-2.6,-6.300000000000001,0.8
1688906283901,-2.2,-6.7,0.5
1688906283918,-1.6,-6.800000000000001,0.1
1688906283935,-1.1,-6.9,-0.30000000000000004
1688906283951,0.30000000000000004,-6.5,-0.8
1688906283968,1.7000000000000002,-6.2,-0.7000000000000001
1688906283985,1.7000000000000002,-6.300000000000001,-0.7000000000000001
1688906284001,0.6000000000000001,-6.2,-1
1688906284018,0.1,-6,-1
1688906284035,2.6,-4.800000000000001,-0.7000000000000001
1688906284051,2.6,-4.800000000000001,-0.7000000000000001
1688906284068,4.3,-4.1000000000000005,-0.1
1688906284085,5.4,-4,0.4
1688906284101,4,-4.2,-0.8
1688906284117,3.1,-4.2,-1.3
1688906284134,3.2,-4.3,-1.4000000000000001
1688906284151,4.1000000000000005,-3.9000000000000004,-1.4000000000000001
1688906284168,5.2,-3.6,-1.6
1688906284185,6,-3,-2
1688906284201,6.4,-2,-2
1688906284218,7.4,-2.1,-1.7000000000000002
1688906284236,8,-2.7,-1.2000000000000002
1688906284252,7.9,-2.8000000000000003,-0.2
1688906284268,6.9,-3.2,0.1
1688906284284,4.800000000000001,-3,-0.6000000000000001
1688906284301,3.2,-1.7000000000000002,-1.2000000000000002
1688906284318,3.5,0.2,-0.8
1688906284334,5,1.3,-0.9
1688906284351,5.5,2,-0.2
1688906284368,5.300000000000001,2.4000000000000004,1.3
1688906284385,4.4,2.9000000000000004,3.2
1688906284401,3.8000000000000003,3.4000000000000004,4.800000000000001
1688906284419,4.3,4,5.7
1688906284434,5.300000000000001,4.4,5.9
1688906284451,3.7,4.3,6.1000000000000005
1688906284468,2.3000000000000003,4.2,6.300000000000001
1688906284485,1.5,3.7,6
1688906284502,1.4000000000000001,3.5,5.6000000000000005
1688906284520,1.3,3.2,4.800000000000001
1688906284535,0.7000000000000001,2.7,4.2
1688906284552,-0.4,2.3000000000000003,4
1688906284568,-1.4000000000000001,1.7000000000000002,4
1688906284585,-1.8,1.3,4.2
1688906284601,-1.7000000000000002,1.1,4
1688906284618,-1.6,1.3,3.4000000000000004
1688906284636,-1.2000000000000002,1.3,3.1
1688906284651,-0.8,0.8,2.5
1688906284668,-0.8,0.1,1.7000000000000002
1688906284685,-0.9,-0.30000000000000004,0.7000000000000001
1688906284702,-1.3,-0.9,-0.1
1688906284723,-2,-1.1,-2.3000000000000003
1688906284734,-3.2,-0.9,-0.8
1688906284751,-1.8,-0.8,1.8
1688906284767,0,-1.5,2.2
1688906284784,-0.4,-2,1.4000000000000001
1688906284801,-1.7000000000000002,-1.5,0.2
1688906284819,-1.1,-1,-0.30000000000000004
1688906284834,-1.1,-1,-0.30000000000000004
1688906284853,-0.5,-1.9000000000000001,1.2000000000000002
1688906284867,-0.5,-1.9000000000000001,1.2000000000000002
1688906284884,-1.4000000000000001,-2.5,1.1
1688906284901,-2.1,-3.1,-0.7000000000000001
1688906284917,-1.8,-2.7,-2.1
1688906284934,-0.7000000000000001,-1.8,-2.2
1688906284951,0.8,-1.1,-1.7000000000000002
1688906284967,1.7000000000000002,-1.1,-1.4000000000000001
1688906284983,1.7000000000000002,-1.1,-1.4000000000000001
1688906285001,-0.8,-1.1,-1.4000000000000001
BREAK
Orientation Data 
Time [ms], x [°], y [°], z [°] 
1688906283250,17.6,61.2,-23.5
1688906283284,14.200000000000001,61,-20.5
1688906283300,13.200000000000001,60.900000000000006,-19.3
1688906283317,13.4,60.5,-18.900000000000002
1688906283334,32.4,55.800000000000004,-30.700000000000003
1688906283350,32.4,55.6,-30.3
1688906283367,32.1,55.400000000000006,-29.6
1688906283384,31.700000000000003,55.2,-28.900000000000002
1688906283400,30.900000000000002,55,-27.8
1688906283417,31.200000000000003,54.2,-27.3
1688906283433,29.5,53.6,-26.900000000000002
1688906283450,27.400000000000002,53,-26.1
1688906283467,25.1,52.6,-25
1688906283484,21.8,52.1,-23.200000000000003
1688906283500,19.200000000000003,51.900000000000006,-22.3
1688906283517,16.6,51.900000000000006,-20.900000000000002
1688906283535,14.100000000000001,52,-19.700000000000003
1688906283550,11.5,52.1,-18.900000000000002
1688906283567,8.6,52.5,-18.2
1688906283584,5.2,53.300000000000004,-17.2
1688906283600,1.3,54.400000000000006,-15.8
1688906283617,358,55.6,-14.100000000000001
1688906283634,354.6,57,-11.8
1688906283650,351.3,58.2,-9.600000000000001
1688906283667,348.1,59.7,-7.2
1688906283684,344.8,61.400000000000006,-4.9
1688906283701,341.1,62.800000000000004,-2.6
1688906283717,336.20000000000005,64.10000000000001,0.6000000000000001
1688906283733,324.5,65.7,9.9
1688906283767,314.5,66.8,20.200000000000003
1688906283785,310.8,67.2,24.3
1688906283800,306.2,67.7,28.900000000000002
1688906283817,303.1,67.8,32
1688906283834,299.3,67.9,35.4
1688906283850,296,67.7,38.5
1688906283867,293,67.4,41.7
1688906283884,290.90000000000003,67.10000000000001,44.400000000000006
1688906283900,288.90000000000003,67,46.900000000000006
1688906283917,287.2,67,49
1688906283934,285.90000000000003,67,50.6
1688906283950,284.7,67,51.6
1688906283967,284,67,52.300000000000004
1688906283985,283.2,66.8,52.7
1688906284000,282.8,66.5,53.2
1688906284017,283.40000000000003,66.10000000000001,53.2
1688906284034,285,65.8,52.6
1688906284050,287.3,65.8,51.300000000000004
1688906284067,291.7,66.7,48.7
1688906284084,295.3,67.4,46
1688906284100,300.3,68,42
1688906284134,306.40000000000003,67.7,38.6
1688906284167,316.3,67.2,32
1688906284184,321.3,66.8,28.3
1688906284200,325.6,66.4,24.700000000000003
1688906284217,330.6,65.60000000000001,20.200000000000003
1688906284234,335,64.3,15.700000000000001
1688906284250,338.20000000000005,62.5,12
1688906284267,339.3,60.800000000000004,10.200000000000001
1688906284284,339.5,58.6,9.5
1688906284300,341.1,56.6,9.1
1688906284317,344.5,54.900000000000006,7.7
1688906284334,348.5,52.900000000000006,5.1000000000000005
1688906284350,350.5,51,2.7
1688906284367,351.90000000000003,48.900000000000006,0.6000000000000001
1688906284384,353.20000000000005,46.5,-1.4000000000000001
1688906284400,355,44,-3.6
1688906284417,355.40000000000003,42.1,-5.6000000000000005
1688906284435,356.1,40.6,-7.6000000000000005
1688906284450,356.3,39.1,-9.4
1688906284467,354.90000000000003,38,-10.5
1688906284484,354.20000000000005,37.1,-11.3
1688906284500,352.40000000000003,36.300000000000004,-12.5
1688906284517,351.5,36.300000000000004,-12.9
1688906284534,350,36.6,-12.9
1688906284550,348.20000000000005,36.800000000000004,-12.5
1688906284567,346.3,37,-11.8
1688906284584,345,37.1,-11.200000000000001
1688906284600,343.8,37.4,-10.4
1688906284617,342.90000000000003,37.9,-9.8
1688906284634,342.40000000000003,38.800000000000004,-9.200000000000001
1688906284650,342,39.900000000000006,-8.9
1688906284667,341.1,41.1,-8.6
1688906284684,339.8,42.5,-8.1
1688906284700,338,43.800000000000004,-7.2
1688906284717,335.6,45.1,-5.800000000000001
1688906284734,334.1,46.1,-4.5
1688906284750,333.90000000000003,46.6,-4.1000000000000005
1688906284767,332.40000000000003,47,-3.6
1688906284784,330.20000000000005,47.300000000000004,-2.5
1688906284800,328.20000000000005,47.800000000000004,-0.7000000000000001
1688906284817,327.3,48.300000000000004,0.7000000000000001
1688906284833,326.90000000000003,48.5,1.6
1688906284850,326.40000000000003,48.6,2.3000000000000003
1688906284867,325.70000000000005,48.7,2.9000000000000004
1688906284883,324.5,48.800000000000004,3.8000000000000003
1688906284900,323.5,49,4.7
1688906284917,322.70000000000005,49.400000000000006,5.5
1688906284933,322.1,50.1,6.300000000000001
1688906284950,322.90000000000003,50.400000000000006,6
1688906284967,323.20000000000005,50.7,5.5
1688906285000,321.5,51.300000000000004,5.4
