Acceleration Data 
Time [ms], x [m/s²], y [m/s²], z [m/s²] 
1688905939636,1.3,-1.7000000000000002,5.300000000000001
1688905939652,-0.1,-1.8,5.5
1688905939669,-0.6000000000000001,-0.8,5.300000000000001
1688905939686,-0.1,0.5,5.2
1688905939702,0.7000000000000001,1.7000000000000002,6.5
1688905939719,0.9,2.2,7.300000000000001
1688905939736,0,2.5,8
1688905939752,-1.6,2.8000000000000003,8.5
1688905939769,-3.4000000000000004,3.3000000000000003,9.600000000000001
1688905939786,-5.1000000000000005,4.6000000000000005,10.9
1688905939802,-5.7,5.1000000000000005,11.5
1688905939819,-4.800000000000001,4.800000000000001,10.5
1688905939836,-4.7,4.9,9
1688905939852,-5.5,4.6000000000000005,8.5
1688905939869,-6.6000000000000005,3.4000000000000004,9
1688905939886,-7.1000000000000005,2.6,9.1
1688905939903,-6.800000000000001,1.7000000000000002,9.600000000000001
1688905939919,-6.5,1.3,9.700000000000001
1688905939936,-5.6000000000000005,1.1,10.200000000000001
1688905939952,-5.2,-0.1,10.3
1688905939969,-6.4,-1.7000000000000002,9.3
1688905939986,-7.7,-2.8000000000000003,7.800000000000001
1688905940002,-8.9,-4,7
1688905940019,-8.9,-5.2,7.5
1688905940036,-7.800000000000001,-6,7.5
1688905940052,-7.2,-6.4,6.2
1688905940069,-6.5,-6.7,4.6000000000000005
1688905940086,-6,-7,3.7
1688905940103,-5.6000000000000005,-7.300000000000001,3.1
1688905940119,-5.1000000000000005,-7.300000000000001,2.8000000000000003
1688905940135,-4.2,-7.300000000000001,3.1
1688905940152,-3.3000000000000003,-7.6000000000000005,3.4000000000000004
1688905940169,-2.6,-7.9,3.4000000000000004
1688905940187,-2,-7.9,3.2
1688905940202,-1.5,-8,2.8000000000000003
1688905940219,-0.8,-7.9,1.9000000000000001
1688905940236,-0.7000000000000001,-7.6000000000000005,1.1
1688905940253,-0.5,-7.300000000000001,0.5
1688905940269,0.1,-7,0.2
1688905940286,1.2000000000000002,-6.6000000000000005,0.2
1688905940302,2,-6.300000000000001,0.5
1688905940319,2.9000000000000004,-6.1000000000000005,1.2000000000000002
1688905940336,3.2,-6.300000000000001,1.5
1688905940352,2.3000000000000003,-6.6000000000000005,0.8
1688905940369,1.3,-6.9,0.1
1688905940386,1.2000000000000002,-7.1000000000000005,-0.1
1688905940402,2.1,-6.9,0.4
1688905940419,2.8000000000000003,-6.4,1.4000000000000001
1688905940436,5,-4.800000000000001,2.1
1688905940452,6.7,-3.9000000000000004,2.1
1688905940469,7.5,-3.4000000000000004,1.9000000000000001
1688905940486,7.4,-2.9000000000000004,1.7000000000000002
1688905940502,6.7,-2.5,1.6
1688905940519,6.1000000000000005,-2.3000000000000003,2.2
1688905940536,6.300000000000001,-2.3000000000000003,2.9000000000000004
1688905940553,7,-2.1,3.7
1688905940569,8.1,-1,4
1688905940586,9.200000000000001,0.6000000000000001,3.9000000000000004
1688905940603,9.8,2.4000000000000004,4
1688905940619,10.200000000000001,3,4
1688905940636,8.700000000000001,3.2,5
1688905940653,7.1000000000000005,3.7,6.6000000000000005
1688905940669,6.6000000000000005,4.1000000000000005,7.2
1688905940686,6.6000000000000005,4.5,7.7
1688905940702,6.1000000000000005,5.300000000000001,7.5
1688905940720,5.4,6.2,8.1
1688905940736,5.5,6.5,7.7
1688905940752,5.7,6.9,5.800000000000001
1688905940769,4.6000000000000005,7.2,4.4
1688905940786,2.4000000000000004,6.6000000000000005,5
1688905940803,0.6000000000000001,5.4,6.5
1688905940819,-1.9000000000000001,3.2,7.6000000000000005
1688905940836,-1.9000000000000001,3.2,7.6000000000000005
1688905940853,-3,1.9000000000000001,5.7
1688905940870,-3.3000000000000003,1.7000000000000002,4.9
1688905940886,-3,1.4000000000000001,4.5
1688905940902,-2.5,0.8,4.4
1688905940920,-2.1,0,4.2
1688905940936,-1.7000000000000002,-1.1,3.7
1688905940953,-2.6,-0.5,3.9000000000000004
1688905940970,-2.7,-0.7000000000000001,2.4000000000000004
1688905940986,-1.9000000000000001,-0.8,1.5
1688905941003,-1.2000000000000002,-0.9,1.5
1688905941020,-0.8,-1.4000000000000001,1.3
1688905941036,-0.9,-1.8,0.4
1688905941052,-1.7000000000000002,-2.5,0.7000000000000001
1688905941070,-2.7,-3.1,0.6000000000000001
1688905941087,-3.6,-3.7,0.8
1688905941103,-3.3000000000000003,-4.1000000000000005,0.30000000000000004
1688905941119,-2.4000000000000004,-4.1000000000000005,-0.1
1688905941136,-2.2,-3.8000000000000003,-1.4000000000000001
1688905941155,-2.2,-3.2,-2.2
1688905941169,-2.1,-2.9000000000000004,-1.7000000000000002
1688905941186,-2.2,-3,-0.5
1688905941202,-2.3000000000000003,-3.5,0.1
1688905941219,-2.8000000000000003,-4.4,-0.1
1688905941236,-3,-4.1000000000000005,-1.6
1688905941252,-2.5,-3.4000000000000004,-1.6
1688905941269,-1.9000000000000001,-3,-0.9
1688905941286,-1.7000000000000002,-2.9000000000000004,-0.1
1688905941302,-1.4000000000000001,-2.6,0.6000000000000001
1688905941319,-0.7000000000000001,-1.9000000000000001,1
1688905941336,0,-1.3,1
BREAK
Orientation Data 
Time [ms], x [°], y [°], z [°] 
1688905939469,357.20000000000005,56.5,3.8000000000000003
1688905939485,358.6,55.5,2.8000000000000003
1688905939502,359,54.800000000000004,2.1
1688905939519,359.90000000000003,53.900000000000006,1.1
1688905939535,0.7000000000000001,53,0.2
1688905939552,1.5,52.1,-0.8
1688905939568,2.3000000000000003,51.2,-1.8
1688905939585,3.1,50.300000000000004,-2.7
1688905939602,4,49.400000000000006,-3.7
1688905939619,5.1000000000000005,48.5,-4.800000000000001
1688905939636,6.5,47.6,-6.1000000000000005
1688905939652,8.1,46.6,-7.6000000000000005
1688905939669,9.600000000000001,45.2,-9
1688905939685,12.200000000000001,42.900000000000006,-13.9
1688905939702,20.1,41.300000000000004,-21
1688905939719,19.5,40.6,-22.8
1688905939735,17.2,39.800000000000004,-23.700000000000003
1688905939752,15.200000000000001,39.2,-24.1
1688905939769,13.4,38.800000000000004,-24.5
1688905939785,12.4,38.7,-25.3
1688905939802,11,39.2,-26.400000000000002
1688905939818,9.9,40.1,-27.700000000000003
1688905939835,8.8,41.5,-28.900000000000002
1688905939852,7.300000000000001,43,-29.6
1688905939869,5.800000000000001,44.400000000000006,-29.8
1688905939885,4.5,46.2,-29.8
1688905939902,3.2,48,-29.900000000000002
1688905939919,2.1,49.800000000000004,-30
1688905939935,1.3,52,-30.200000000000003
1688905939952,0.4,54.400000000000006,-30.3
1688905939969,358.8,57,-29.8
1688905939986,356.90000000000003,60,-28.6
1688905940002,354.5,63.300000000000004,-26.700000000000003
1688905940019,352,65.60000000000001,-24.3
1688905940035,349.6,67.7,-21.900000000000002
1688905940052,347.3,69.60000000000001,-19.400000000000002
1688905940068,345.1,71.8,-16.7
1688905940085,339.6,75.9,-9.700000000000001
1688905940102,334.90000000000003,77.9,-4.5
1688905940135,321.90000000000003,79.9,9.1
1688905940152,314.5,80.30000000000001,17.1
1688905940168,307.1,80.30000000000001,25.200000000000003
1688905940187,300.90000000000003,80,32.6
1688905940202,295.3,79.5,39.400000000000006
1688905940218,290.1,79.10000000000001,46.2
1688905940235,286.40000000000003,78.5,51.900000000000006
1688905940252,283,78,57.1
1688905940269,284,78.4,59.2
1688905940285,286.40000000000003,78.80000000000001,59.800000000000004
1688905940302,289.90000000000003,79.10000000000001,59
1688905940319,294.8,79.30000000000001,56.7
1688905940335,300,79.2,54.5
1688905940352,304.3,78.7,52.7
1688905940369,308.70000000000005,78,51.6
1688905940385,313.8,77.10000000000001,49.7
1688905940402,320.6,76.2,46.800000000000004
1688905940419,327.90000000000003,75.2,42.900000000000006
1688905940435,335.1,74.2,38.7
1688905940452,341.40000000000003,73.2,34.9
1688905940468,347.90000000000003,72.10000000000001,31
1688905940485,353.20000000000005,70.7,28.1
1688905940502,1.1,67,24.700000000000003
1688905940518,4.4,65.3,23.200000000000003
1688905940535,7.800000000000001,63.1,21
1688905940552,10.200000000000001,61.2,19
1688905940569,12.8,59.1,16.7
1688905940585,15.700000000000001,56.6,14.3
1688905940602,17.7,54.6,12.4
1688905940618,19.900000000000002,52.2,10.700000000000001
1688905940636,21.400000000000002,49.6,9.3
1688905940652,22.400000000000002,47.300000000000004,7.800000000000001
1688905940669,22.8,45.400000000000006,6.2
1688905940685,23.3,43.6,4.3
1688905940702,23.900000000000002,42.1,2.1
1688905940719,23.8,41.300000000000004,0.1
1688905940735,24.400000000000002,40.900000000000006,-2.3000000000000003
1688905940752,23.400000000000002,40.800000000000004,-4.1000000000000005
1688905940768,22.6,40.7,-5.300000000000001
1688905940785,21.400000000000002,40.5,-6
1688905940802,20.400000000000002,40.1,-6.7
1688905940819,18.900000000000002,40,-7.6000000000000005
1688905940835,17.1,40.300000000000004,-8.5
1688905940852,15.600000000000001,40.900000000000006,-9.4
1688905940869,14,41.900000000000006,-10.200000000000001
1688905940885,11.9,44.2,-11.9
1688905940919,10.700000000000001,46.900000000000006,-14.3
1688905940935,9.600000000000001,48.400000000000006,-15.3
1688905940952,8.8,50.300000000000004,-16.3
1688905940969,7.1000000000000005,52.1,-16.6
1688905940985,6.2,53.900000000000006,-16.7
1688905941002,5.800000000000001,55.2,-17
1688905941019,5.4,56.6,-17.2
1688905941035,4.3,58,-16.900000000000002
1688905941069,0.9,60.7,-14.9
1688905941086,359.40000000000003,61.6,-13.600000000000001
1688905941102,357.90000000000003,62.5,-12.4
1688905941118,356.90000000000003,63.300000000000004,-11.5
1688905941136,355.90000000000003,64,-10.4
1688905941152,355.3,64.60000000000001,-9.200000000000001
1688905941168,355,65.4,-8.1
1688905941185,355.3,65.9,-7.7
1688905941202,355,66.4,-7.4
1688905941219,354.1,67,-7
1688905941235,353.3,67.5,-6.4
1688905941252,353,67.9,-6.300000000000001
1688905941269,353.3,68.10000000000001,-6.4
1688905941285,354.20000000000005,67.9,-6.9
1688905941302,354.5,66.7,-6.7
1688905941319,354.20000000000005,65.9,-6.1000000000000005
1688905941335,353.90000000000003,65,-5.300000000000001
