Acceleration Data 
Time [ms], x [m/s²], y [m/s²], z [m/s²] 
1688905897987,4.2,1.7000000000000002,3.8000000000000003
1688905898003,3.5,0.4,2.2
1688905898020,-0.6000000000000001,0.7000000000000001,-2.2
1688905898037,1.6,0.9,-1.7000000000000002
1688905898053,4.2,2.3000000000000003,0.7000000000000001
1688905898070,5.9,2.9000000000000004,2.8000000000000003
1688905898087,5.9,2.9000000000000004,4.1000000000000005
1688905898104,4.2,2.2,3.6
1688905898121,3.1,0.9,1.8
1688905898137,4,0.6000000000000001,1.2000000000000002
1688905898153,6.4,0.9,1.7000000000000002
1688905898170,7.800000000000001,0.8,2.2
1688905898187,7.800000000000001,0.1,2
1688905898203,7.5,-1.8,1.6
1688905898220,5.300000000000001,-2.7,0.8
1688905898237,5.300000000000001,-3.5,1.1
1688905898254,5.5,-3.6,2.2
1688905898270,5.9,-3.6,2.5
1688905898287,5.9,-3.9000000000000004,1.7000000000000002
1688905898304,5.1000000000000005,-4.6000000000000005,1.1
1688905898321,4.1000000000000005,-5.2,0.2
1688905898337,3.5,-5.4,-0.30000000000000004
1688905898354,3.7,-5.4,-0.1
1688905898370,3.9000000000000004,-5.2,0
1688905898388,1.4000000000000001,-5.2,2.2
1688905898405,1,-6.800000000000001,3.9000000000000004
1688905898421,0.2,-7.300000000000001,4.800000000000001
1688905898437,-0.9,-7.2,2.6
1688905898454,-2.4000000000000004,-7.300000000000001,-0.2
1688905898471,-3.8000000000000003,-7.5,-1.5
1688905898488,-5.1000000000000005,-7.4,-1.7000000000000002
1688905898504,-6.1000000000000005,-7.800000000000001,-1
1688905898520,-6.5,-8,-0.1
1688905898538,-6.5,-8,1
1688905898554,-6.2,-6.7,2.8000000000000003
1688905898571,-6,-5.6000000000000005,3.8000000000000003
1688905898587,-6,-4.2,3.5
1688905898609,-6.2,-3.1,1.7000000000000002
1688905898620,-7.1000000000000005,-2,0.1
1688905898637,-7.2,-1.1,0.9
1688905898654,-7.6000000000000005,-0.7000000000000001,4.4
1688905898671,-7.7,-0.5,7.4
1688905898687,-8.8,0.4,9.200000000000001
1688905898704,-9.3,1.5,9.5
1688905898720,-8,3.2,8.5
1688905898738,-6.2,4.4,6.6000000000000005
1688905898754,-5.6000000000000005,5.4,5.5
1688905898770,-6.1000000000000005,5.7,6.4
1688905898787,-6.1000000000000005,5.7,8.4
1688905898803,-4.6000000000000005,6.2,8.6
1688905898820,-1.1,7.800000000000001,7.9
1688905898837,-1.1,7.800000000000001,7.9
1688905898854,-1.6,6.9,10.200000000000001
1688905898871,0,6.7,10.9
1688905898887,3.5,7.1000000000000005,10.3
1688905898904,5.6000000000000005,7.6000000000000005,10.5
1688905898921,6.4,6.5,10.8
1688905898937,5.800000000000001,5.5,10.600000000000001
1688905898954,5.1000000000000005,4.5,8
1688905898970,4,3.7,4.5
1688905898987,2.8000000000000003,3.1,2.6
1688905899004,2.6,2.5,3.1
1688905899021,2.5,1.9000000000000001,3.8000000000000003
1688905899037,3.6,0.7000000000000001,3
1688905899054,3.6,0.1,2.4000000000000004
1688905899070,3.5,0.1,1.7000000000000002
1688905899087,3.1,0.1,1.2000000000000002
1688905899104,3.4000000000000004,-0.6000000000000001,1.1
1688905899120,3.7,-1.3,0.30000000000000004
1688905899137,3.2,-1.6,-1
1688905899154,2.6,-2,-2.1
1688905899170,2.3000000000000003,-2.8000000000000003,-1.9000000000000001
1688905899187,2.3000000000000003,-3.1,-1.6
1688905899204,2.8000000000000003,-3.7,-3.4000000000000004
1688905899221,2.8000000000000003,-3.5,-2.9000000000000004
1688905899237,2.9000000000000004,-3.5,-1.1
1688905899254,2.7,-3.6,0
1688905899270,2.6,-3.5,-0.5
1688905899286,1.9000000000000001,-3.6,-1.8
1688905899304,1,-3.5,-2.4000000000000004
1688905899320,0.5,-3.5,-2.2
1688905899337,0.4,-3.5,-1.5
1688905899354,0.7000000000000001,-3.5,-1.2000000000000002
1688905899370,1.3,-2.9000000000000004,-1.3
1688905899387,1.3,-2.5,-0.1
1688905899404,0.2,-2.9000000000000004,0.6000000000000001
1688905899421,-0.8,-3.6,-0.6000000000000001
1688905899442,-1,-3.2,-3.3000000000000003
1688905899453,-1.9000000000000001,-3,-1.7000000000000002
1688905899470,-1,-2.9000000000000004,-2.1
1688905899487,-0.2,-2.5,-2.3000000000000003
1688905899503,0.1,-1.8,-0.5
1688905899522,0.4,-1.7000000000000002,1.2000000000000002
1688905899536,0.2,-1.9000000000000001,2.3000000000000003
1688905899555,-1.4000000000000001,-2.2,0.2
1688905899570,-1.4000000000000001,-2.2,0.2
1688905899586,-1.7000000000000002,-1.8,-1
1688905899605,-2.2,-1.1,-0.1
1688905899620,-2.2,-1.1,-0.1
1688905899636,-1.4000000000000001,-0.8,2.1
1688905899653,-1.1,-0.1,1.5
1688905899670,-1.2000000000000002,0.1,0.30000000000000004
1688905899686,-1.3,0.2,-0.8
1688905899703,-2.5,-0.1,0
1688905899720,-3.2,0.1,0.4
BREAK
Orientation Data 
Time [ms], x [°], y [°], z [°] 
1688905897819,345.6,53.300000000000004,19.700000000000003
1688905897836,345.90000000000003,53.1,19.5
1688905897853,345.70000000000005,52.800000000000004,19.200000000000003
1688905897870,345.40000000000003,52.6,18.900000000000002
1688905897886,345.3,52.300000000000004,18.6
1688905897903,345.1,52.1,18.2
1688905897920,345,51.900000000000006,17.8
1688905897936,344.90000000000003,51.7,17.400000000000002
1688905897954,344.90000000000003,51.5,17
1688905897970,345.20000000000005,51.2,16.3
1688905897986,345.70000000000005,50.900000000000006,15.5
1688905898003,342.70000000000005,52,17.400000000000002
1688905898019,343.3,53.400000000000006,19.200000000000003
1688905898036,344.90000000000003,54.900000000000006,20.1
1688905898053,349.90000000000003,58.1,18.900000000000002
1688905898069,352.3,59.300000000000004,17.5
1688905898086,354.20000000000005,60.400000000000006,16.7
1688905898103,354.5,61.800000000000004,17.1
1688905898119,354.90000000000003,63,17.6
1688905898136,355.40000000000003,64.5,18.1
1688905898153,357.1,66.2,17.6
1688905898169,359.1,67.7,16.400000000000002
1688905898186,0.8,68.8,15.100000000000001
1688905898203,1.3,70,14.700000000000001
1688905898219,1.7000000000000002,71,14.8
1688905898236,3.3000000000000003,71.8,14.100000000000001
1688905898253,6.300000000000001,72.7,12
1688905898270,10.200000000000001,73.8,8.6
1688905898286,14.3,74.9,4.3
1688905898303,18.6,76,-0.2
1688905898320,23.6,77.10000000000001,-5.300000000000001
1688905898336,31,77.7,-12
1688905898353,40.800000000000004,78.10000000000001,-21
1688905898370,52.2,78,-31.900000000000002
1688905898387,63.2,77.4,-43
1688905898403,72,76.2,-52.400000000000006
1688905898420,80.4,74.3,-61.1
1688905898436,90.60000000000001,69.10000000000001,-71.9
1688905898470,95.60000000000001,68.3,-79.9
1688905898487,98.10000000000001,67.7,-83.7
1688905898503,99.10000000000001,67,-86.4
1688905898520,100,65.9,-89.10000000000001
1688905898537,279.1,115.30000000000001,89.2
1688905898553,277.90000000000003,116.9,88.10000000000001
1688905898570,276.40000000000003,118.9,87.30000000000001
1688905898586,273.6,120.80000000000001,87.10000000000001
1688905898603,270.3,122.4,87.7
1688905898619,266.90000000000003,124,89.5
1688905898636,82.4,54.6,-87.4
1688905898653,77,53.400000000000006,-83.60000000000001
1688905898670,71,51.900000000000006,-79.2
1688905898686,64.7,50.300000000000004,-75.2
1688905898703,59,48.400000000000006,-71.2
1688905898720,54.2,46.300000000000004,-67.4
1688905898737,50.400000000000006,44,-63.900000000000006
1688905898753,47.1,41.7,-60.400000000000006
1688905898770,44.2,39.6,-57.2
1688905898786,42,37.7,-54.7
1688905898803,39.6,35.1,-51.900000000000006
1688905898819,37.2,32.7,-49.2
1688905898836,35.800000000000004,30.700000000000003,-46.7
1688905898853,34.6,28.400000000000002,-43.900000000000006
1688905898870,33.800000000000004,25.400000000000002,-40.400000000000006
1688905898886,33.5,24.200000000000003,-38.900000000000006
1688905898903,33,22.900000000000002,-36.800000000000004
1688905898920,33.2,21.900000000000002,-34.5
1688905898936,34.1,21.5,-32.6
1688905898953,34.300000000000004,22.1,-30.6
1688905898969,34.800000000000004,23.400000000000002,-28.400000000000002
1688905898986,35.800000000000004,24.8,-26.3
1688905899003,37.2,26,-24.400000000000002
1688905899020,38.2,27.200000000000003,-22.900000000000002
1688905899036,39.1,28.5,-21.5
1688905899053,39.900000000000006,30,-20.1
1688905899070,40.5,31.6,-18.7
1688905899086,41.2,33.5,-17.400000000000002
1688905899103,42.900000000000006,35.300000000000004,-16.6
1688905899120,42.800000000000004,37.6,-15.700000000000001
1688905899136,43.6,39.400000000000006,-14.8
1688905899153,43.2,41.300000000000004,-13.5
1688905899170,43.1,43,-12.100000000000001
1688905899186,43.5,44.5,-11
1688905899203,43.400000000000006,46,-10.200000000000001
1688905899220,43.6,47.300000000000004,-9.600000000000001
1688905899236,43.900000000000006,49.400000000000006,-9.3
1688905899253,43.800000000000004,50.300000000000004,-9.5
1688905899270,42.7,51.6,-9.5
1688905899303,39.900000000000006,53.800000000000004,-8.4
1688905899320,38.5,54.800000000000004,-7.6000000000000005
1688905899336,37.4,55.5,-6.800000000000001
1688905899353,36.300000000000004,56,-6.300000000000001
1688905899369,34.9,56.400000000000006,-5.7
1688905899386,33.6,56.7,-5.1000000000000005
1688905899403,32.4,57.1,-4.6000000000000005
1688905899420,30.6,57.900000000000006,-4
1688905899436,29,59.2,-3.6
1688905899453,27.900000000000002,60.2,-3.7
1688905899470,27.200000000000003,60.7,-4.4
1688905899486,26.200000000000003,60.900000000000006,-5.2
1688905899503,24.200000000000003,60.900000000000006,-5.5
1688905899519,24.8,60.400000000000006,-6.5
1688905899536,23,60,-7.2
1688905899553,20.8,59.900000000000006,-7.4
1688905899569,18.3,60,-7.2
1688905899586,16.2,60.1,-6.7
1688905899603,14.200000000000001,60,-6.2
1688905899619,12.8,59.7,-6.1000000000000005
1688905899636,11.700000000000001,59.300000000000004,-6.300000000000001
1688905899653,10.8,59.1,-7
1688905899669,8.1,59.300000000000004,-8.6
1688905899686,6.300000000000001,59.6,-8.9
1688905899703,3.8000000000000003,59.5,-8.6
1688905899719,1.4000000000000001,59,-8
