Acceleration Data 
Time [ms], x [m/s²], y [m/s²], z [m/s²] 
1688905921147,-3.9000000000000004,-1.9000000000000001,-0.8
1688905921164,-3.7,-2.5,-0.7000000000000001
1688905921182,-2.6,-3,0.6000000000000001
1688905921197,-1.6,-3.2,2.3000000000000003
1688905921214,-1.8,-3.8000000000000003,2.3000000000000003
1688905921230,-2.5,-4.6000000000000005,1.7000000000000002
1688905921248,-2.5,-5.2,1
1688905921266,-2.3000000000000003,-5.6000000000000005,-0.2
1688905921281,-1.5,-5.5,-1
1688905921297,0,-5.300000000000001,-1.2000000000000002
1688905921314,1.3,-4.9,-0.30000000000000004
1688905921331,2.4000000000000004,-5.5,1.4000000000000001
1688905921347,2.4000000000000004,-5.5,1.4000000000000001
1688905921364,1.9000000000000001,-6.1000000000000005,1
1688905921380,2.9000000000000004,-6.1000000000000005,0.30000000000000004
1688905921397,4.2,-5.4,-0.30000000000000004
1688905921414,5.800000000000001,-4.7,-0.30000000000000004
1688905921431,6.7,-4.800000000000001,0.30000000000000004
1688905921447,6.1000000000000005,-5.2,1.2000000000000002
1688905921464,5.9,-5.6000000000000005,1.5
1688905921480,5.9,-5.6000000000000005,1.5
1688905921497,4.9,-5.2,0
1688905921514,5.800000000000001,-4.2,-0.30000000000000004
1688905921531,6.5,-3.4000000000000004,-0.5
1688905921547,5.7,-3.3000000000000003,-0.7000000000000001
1688905921564,4.5,-3,0.1
1688905921580,5,-2.8000000000000003,1.2000000000000002
1688905921597,6.800000000000001,-2.2,1.8
1688905921614,8.5,-1.5,1.5
1688905921631,9,-0.1,1.5
1688905921647,9.1,1.5,1.3
1688905921664,9.3,1.6,0.9
1688905921682,9.5,1.5,1.8
1688905921697,9.5,1.2000000000000002,3.7
1688905921714,9.600000000000001,1.3,5.800000000000001
1688905921731,9.700000000000001,2.1,7.1000000000000005
1688905921747,10.600000000000001,3.5,6.4
1688905921764,10.8,4.1000000000000005,4.1000000000000005
1688905921780,9.1,3.7,2.3000000000000003
1688905921798,6.6000000000000005,3,3.7
1688905921813,8,3.6,4.5
1688905921831,9.4,4.4,4.3
1688905921847,9.1,4.3,4.4
1688905921868,7.6000000000000005,3.8000000000000003,4.7
1688905921881,6.4,3.7,4.6000000000000005
1688905921897,6.1000000000000005,3.7,4.6000000000000005
1688905921914,5.7,3.6,5.300000000000001
1688905921931,4.7,3.6,6.800000000000001
1688905921948,3.1,3.5,8.9
1688905921965,1.3,3.5,9.3
1688905921981,0.1,3.9000000000000004,8.1
1688905921998,-0.6000000000000001,4.4,6.6000000000000005
1688905922014,-1.2000000000000002,4.5,5.800000000000001
1688905922031,-1.8,4.4,6.4
1688905922048,-2,4.4,6.9
1688905922064,-1.9000000000000001,4,7.1000000000000005
1688905922081,-2.5,3.5,7.2
1688905922098,-3.6,2.4000000000000004,7.5
1688905922114,-4.4,0.7000000000000001,7.5
1688905922131,-5.9,-1.8,5
1688905922148,-5.9,-1.8,5
1688905922164,-6.800000000000001,-2.7,3.5
1688905922180,-7.300000000000001,-4.4,3.8000000000000003
1688905922198,-6.9,-5.2,4.3
1688905922214,-6.7,-5.5,4.5
1688905922231,-5.9,-5.4,3.5
1688905922247,-4.5,-5,2
1688905922264,-3.3000000000000003,-4.7,0
1688905922281,-2.6,-4.1000000000000005,-0.8
1688905922298,-1.3,-3.6,-0.7000000000000001
1688905922314,0,-3.5,0.30000000000000004
1688905922331,0.2,-4,0.8
1688905922347,-0.8,-4.800000000000001,0.6000000000000001
1688905922364,-2.1,-5.7,0.2
1688905922381,-3,-6.300000000000001,-0.1
1688905922397,-2.8000000000000003,-6.4,-0.6000000000000001
1688905922414,-1.3,-5.800000000000001,-1.4000000000000001
1688905922431,0.2,-5,-2.2
1688905922448,0.6000000000000001,-4.800000000000001,-2.6
1688905922464,-0.1,-5.300000000000001,-2.4000000000000004
1688905922481,-0.9,-5.6000000000000005,-1.8
1688905922498,-0.8,-5.5,-1.1
1688905922514,0.1,-5.2,-0.8
1688905922530,1.6,-4.1000000000000005,-1
1688905922547,2.8000000000000003,-3.5,-1.7000000000000002
1688905922564,1.5,-4.5,-0.9
1688905922580,-0.2,-4.7,-0.2
1688905922597,-0.1,-4.1000000000000005,1
1688905922613,2,-3,1.7000000000000002
1688905922630,3.9000000000000004,-1.8,1.6
1688905922647,4.800000000000001,-0.7000000000000001,1.5
1688905922664,5,0.2,1.6
1688905922681,5,0.5,1.4000000000000001
1688905922700,4.800000000000001,0.6000000000000001,0.8
1688905922714,3.6,0.9,1.2000000000000002
1688905922736,4.2,1.4000000000000001,0.2
1688905922749,3.3000000000000003,2.8000000000000003,-0.6000000000000001
1688905922763,4,3.3000000000000003,1.9000000000000001
1688905922780,5.7,2.7,1.2000000000000002
1688905922799,5.6000000000000005,2.2,0.1
1688905922813,4.6000000000000005,3.2,0.8
1688905922830,4.6000000000000005,3.5,1.9000000000000001
1688905922849,4.1000000000000005,2.7,2.4000000000000004
1688905922863,2.9000000000000004,1.5,2.2
1688905922881,2.2,1.2000000000000002,1.8
1688905922897,2.2,0.7000000000000001,1.2000000000000002
1688905922915,2.3000000000000003,0.8,1.2000000000000002
1688905922930,2.3000000000000003,1,1.1
1688905922947,1.9000000000000001,0.5,0.9
1688905922963,1.5,-0.2,1.2000000000000002
1688905922980,0.7000000000000001,-0.6000000000000001,1.1
1688905922997,0,-0.1,-1.1
1688905923013,0.4,0.5,-2.5
BREAK
Orientation Data 
Time [ms], x [°], y [°], z [°] 
1688905920980,341.1,64,24.900000000000002
1688905920996,341.6,63.1,24.3
1688905921013,341.20000000000005,62.1,23.700000000000003
1688905921030,340.8,61.2,23.1
1688905921046,340.20000000000005,60.300000000000004,22.6
1688905921063,339.6,59.300000000000004,22.200000000000003
1688905921080,339,58.400000000000006,21.8
1688905921096,338.20000000000005,57.5,21.5
1688905921113,337.3,56.5,21.200000000000003
1688905921130,336.3,55.6,21
1688905921146,334.6,56.5,22
1688905921163,332.3,57.5,23.1
1688905921180,330.20000000000005,58.2,24.1
1688905921196,328,58.6,25.1
1688905921213,325,59,26.8
1688905921230,321.70000000000005,59.400000000000006,29.200000000000003
1688905921247,318,59.7,32.4
1688905921263,314.20000000000005,59.900000000000006,36
1688905921280,309.5,60.2,40.5
1688905921296,303.7,59.7,45.400000000000006
1688905921313,293.6,57.1,52.6
1688905921330,291.7,57.1,54.2
1688905921346,291.3,57.5,54.800000000000004
1688905921363,291.40000000000003,57.900000000000006,55.400000000000006
1688905921380,292.1,58.300000000000004,56.2
1688905921397,293.2,58.800000000000004,57
1688905921413,295.1,59.6,57.6
1688905921430,300.90000000000003,61.1,56.400000000000006
1688905921446,303.5,61.6,54.800000000000004
1688905921463,305.6,61.7,53.2
1688905921496,310.40000000000003,61.300000000000004,50.6
1688905921513,313.1,60.800000000000004,49.2
1688905921530,317.3,60,47.300000000000004
1688905921547,321.8,59,45.2
1688905921563,326.3,57.5,42.800000000000004
1688905921580,331.3,55.800000000000004,39.900000000000006
1688905921596,336.5,54.300000000000004,36.800000000000004
1688905921613,342.20000000000005,52.5,33.1
1688905921630,347,51,30.3
1688905921647,351.8,48.900000000000006,27.3
1688905921663,355.6,46.900000000000006,24.8
1688905921680,359.40000000000003,44.1,22.200000000000003
1688905921696,3,40.900000000000006,19.6
1688905921713,5.7,37.9,17.2
1688905921730,8.5,34.6,14.8
1688905921746,10.5,32.1,12.8
1688905921763,12.3,29.900000000000002,11.100000000000001
1688905921780,13.8,27.8,9.700000000000001
1688905921797,14.100000000000001,23.8,8.200000000000001
1688905921830,14.100000000000001,20.5,5.1000000000000005
1688905921863,12.200000000000001,18.1,2.2
1688905921880,10.8,17,0.9
1688905921896,8.700000000000001,16.1,-0.30000000000000004
1688905921913,6.7,15.200000000000001,-1.6
1688905921930,4.800000000000001,14.600000000000001,-3.1
1688905921946,2.4000000000000004,14.4,-4.7
1688905921963,0.5,14.9,-6.6000000000000005
1688905921980,357.40000000000003,15.9,-8
1688905921996,355.5,17.7,-9.5
1688905922013,353.20000000000005,19.8,-11
1688905922030,351.40000000000003,21.700000000000003,-12.3
1688905922046,350.40000000000003,24.3,-14
1688905922063,347.90000000000003,26.5,-15.100000000000001
1688905922080,346,28.8,-15.700000000000001
1688905922096,343.8,31.3,-15.9
1688905922113,341.40000000000003,33.6,-15.700000000000001
1688905922130,339.40000000000003,36.2,-15.100000000000001
1688905922147,337.5,39.1,-14.3
1688905922163,335.5,42.300000000000004,-13.100000000000001
1688905922180,333.6,45.2,-11.9
1688905922196,332,47.7,-10.8
1688905922213,329.1,52.5,-8.700000000000001
1688905922230,328.6,55,-7.800000000000001
1688905922263,329.5,60.6,-7.5
1688905922280,329.8,63.2,-7.2
1688905922297,329.5,65.7,-6.4
1688905922313,328.5,67.2,-5
1688905922330,326.6,68.4,-2.4000000000000004
1688905922346,323.90000000000003,69.4,1.5
1688905922363,320.6,70.3,6.4
1688905922380,317.70000000000005,70.9,11.200000000000001
1688905922397,314.70000000000005,71.60000000000001,16
1688905922413,314,72.4,19.200000000000003
1688905922430,314.1,73.10000000000001,21.3
1688905922447,314.3,73.60000000000001,22.900000000000002
1688905922463,314.5,73.9,24.400000000000002
1688905922480,315.20000000000005,74,25.5
1688905922497,317.20000000000005,74,25.5
1688905922513,320.20000000000005,74.10000000000001,24.3
1688905922530,324.3,74.5,21.900000000000002
1688905922546,327.90000000000003,74.7,19.5
1688905922563,331,74.7,17.400000000000002
1688905922580,333.20000000000005,73.9,16.1
1688905922596,338.20000000000005,71.60000000000001,14.4
1688905922630,348.1,69.8,8.4
1688905922646,352,69.10000000000001,5.7
1688905922663,354.8,68.4,3.9000000000000004
1688905922680,356.8,67.60000000000001,2.9000000000000004
1688905922699,358.40000000000003,66.8,2.7
1688905922713,359.6,66,2.8000000000000003
1688905922730,1,65.2,2.9000000000000004
1688905922747,1.7000000000000002,64.8,3.5
1688905922763,4.4,64.2,3
1688905922780,5.6000000000000005,63.1,2.3000000000000003
1688905922796,5.5,62,2.6
1688905922813,5.9,60.800000000000004,3.3000000000000003
1688905922830,6.7,59.800000000000004,3.7
1688905922846,6.6000000000000005,58.400000000000006,4.4
1688905922863,6.2,57.5,5.300000000000001
1688905922880,5.300000000000001,56.6,6.5
1688905922896,5,55.900000000000006,7.4
1688905922913,5.300000000000001,55.6,7.6000000000000005
1688905922930,5.300000000000001,55.400000000000006,7.7
1688905922946,5,55.300000000000004,8
1688905922963,4.6000000000000005,55.2,8.5
1688905922980,4,55.300000000000004,9
1688905922996,3.2,55.5,9.600000000000001
1688905923013,2.9000000000000004,56.300000000000004,10.3
