Acceleration Data 
Time [ms], x [m/s²], y [m/s²], z [m/s²] 
1688906095876,4.4,2.9000000000000004,16.5
1688906095894,5.1000000000000005,3.1,15.4
1688906095910,7,4,14
1688906095927,8.8,4.5,13.9
1688906095944,9.8,4.2,14.3
1688906095961,10.3,3.8000000000000003,14
1688906095977,10.600000000000001,3.3000000000000003,12.8
1688906095995,10.3,2.4000000000000004,11
1688906096012,9.5,1.6,8.6
1688906096027,8.6,0.9,6.800000000000001
1688906096044,8.200000000000001,0.5,6.300000000000001
1688906096061,8,0,6.2
1688906096078,7.6000000000000005,-0.4,5.9
1688906096095,7.1000000000000005,-0.9,6.2
1688906096111,7.1000000000000005,-1.4000000000000001,6.4
1688906096127,7.7,-1.7000000000000002,6.1000000000000005
1688906096144,8.5,-1.9000000000000001,5.7
1688906096160,9.200000000000001,-2.3000000000000003,5.800000000000001
1688906096177,8.6,-2.6,5.9
1688906096194,8.9,-4.1000000000000005,6
1688906096211,6.300000000000001,-5.5,5.800000000000001
1688906096227,6.300000000000001,-5.5,5.800000000000001
1688906096244,6.2,-6,6.4
1688906096261,6.800000000000001,-6.4,5.7
1688906096278,6.4,-6.2,5.2
1688906096295,5.7,-6.2,4.7
1688906096311,5,-6.300000000000001,4.6000000000000005
1688906096327,4.6000000000000005,-6.2,3.8000000000000003
1688906096348,4.3,-6,2.9000000000000004
1688906096361,4,-5.800000000000001,2.1
1688906096378,3.6,-5.800000000000001,1.7000000000000002
1688906096394,3.5,-5.6000000000000005,1.6
1688906096412,3.5,-5.300000000000001,1.4000000000000001
1688906096427,3.1,-5.4,1.4000000000000001
1688906096444,2.2,-5.7,1.5
1688906096461,1.6,-6.1000000000000005,1.6
1688906096478,1.1,-6.5,1.8
1688906096495,0.7000000000000001,-6.800000000000001,2
1688906096511,0.4,-6.6000000000000005,2.5
1688906096528,-0.7000000000000001,-6.300000000000001,3.1
1688906096545,-2.6,-6.1000000000000005,4.1000000000000005
1688906096561,-4.800000000000001,-6.6000000000000005,4.3
1688906096578,-5.6000000000000005,-7.2,3.8000000000000003
1688906096594,-4.800000000000001,-7,2.7
1688906096611,-4.1000000000000005,-3.8000000000000003,0.8
1688906096627,-4.1000000000000005,-3.8000000000000003,0.8
1688906096644,-3.7,-1.9000000000000001,0.6000000000000001
1688906096661,-4.4,-1.4000000000000001,1.8
1688906096677,-5.2,-1.4000000000000001,4
1688906096694,-5,-1.5,5.9
1688906096711,-4.2,-0.7000000000000001,6.6000000000000005
1688906096728,-3.7,0.6000000000000001,5.800000000000001
1688906096744,-4.7,1.8,4.5
1688906096761,-6.2,2.3000000000000003,4.3
1688906096777,-6.2,2.5,4.6000000000000005
1688906096794,-5.800000000000001,3.6,6
1688906096811,-5.1000000000000005,4.7,7.9
1688906096827,-4.1000000000000005,6.1000000000000005,10.3
1688906096844,-2.3000000000000003,7.1000000000000005,10.4
1688906096861,0.4,7.7,8.5
1688906096877,1.7000000000000002,8.200000000000001,7.9
1688906096894,1.4000000000000001,8.1,7.300000000000001
1688906096911,0.4,7.800000000000001,7.4
1688906096928,1.3,6.9,6.800000000000001
1688906096944,2.6,5.9,6.300000000000001
1688906096961,3.5,4.7,7.1000000000000005
1688906096977,4.9,3.3000000000000003,6.4
1688906096994,6,2.9000000000000004,5.2
1688906097011,6.4,1.5,1.7000000000000002
1688906097028,6.4,1.5,1.7000000000000002
1688906097044,3.9000000000000004,0,0.9
1688906097061,3,-0.8,0.8
1688906097078,3.1,-1.3,0.5
1688906097094,3.6,-1.3,0.2
1688906097111,4.1000000000000005,-1.3,0
1688906097128,4,-1.4000000000000001,-0.6000000000000001
1688906097144,2.9000000000000004,-1.7000000000000002,-1.2000000000000002
1688906097161,2.1,-2.2,-1.4000000000000001
1688906097177,2.1,-2.4000000000000004,-1.3
1688906097194,2.3000000000000003,-2.4000000000000004,-1.3
1688906097212,2.5,-2.5,-0.7000000000000001
1688906097232,2.3000000000000003,-2.7,0.9
1688906097244,2.5,-3,-2
1688906097264,-0.1,-2.6,-1.5
1688906097277,0.8,-3,-1.1
1688906097298,2.1,-3.9000000000000004,-1.9000000000000001
1688906097310,1.9000000000000001,-2.6,-2.3000000000000003
1688906097327,1.4000000000000001,-1.6,-2
1688906097343,0.9,-2,-0.5
1688906097362,0.9,-2.4000000000000004,1.1
1688906097377,0.8,-2.2,1.8
1688906097393,1,-1.7000000000000002,1.2000000000000002
1688906097411,1.1,-1.1,0
1688906097427,0.9,-0.7000000000000001,-0.30000000000000004
1688906097443,0.30000000000000004,-0.8,0.30000000000000004
1688906097460,-0.30000000000000004,-1.1,0.30000000000000004
1688906097477,-0.9,-1,-0.30000000000000004
1688906097493,-1.1,-0.30000000000000004,-1.1
1688906097510,-0.30000000000000004,0.1,-0.6000000000000001
BREAK
Orientation Data 
Time [ms], x [°], y [°], z [°] 
1688906095727,346.40000000000003,60.6,18.2
1688906095743,347.6,60.300000000000004,17.2
1688906095761,349,60,16.5
1688906095776,350.3,59.7,15.8
1688906095793,351.1,59.1,15.4
1688906095810,349.8,57.2,16.400000000000002
1688906095826,350.1,55.900000000000006,16.3
1688906095843,351,55,15.8
1688906095860,353.6,53.800000000000004,14.5
1688906095893,2.5,54.300000000000004,8.700000000000001
1688906095910,6.5,55.2,5.5
1688906095927,10.700000000000001,56.1,2.2
1688906095943,13.5,56.6,0.1
1688906095960,16.5,57.2,-1.6
1688906095976,19.3,58.2,-2.8000000000000003
1688906095993,22,60.1,-3.8000000000000003
1688906096010,24.3,62.2,-4.5
1688906096027,26.400000000000002,64.2,-5
1688906096043,27.6,66.60000000000001,-5.2
1688906096060,29.6,68.5,-5.2
1688906096077,30.6,70.5,-4.9
1688906096094,31.6,72.3,-4.2
1688906096110,33.300000000000004,73.5,-3.8000000000000003
1688906096127,33.7,75.2,-3.2
1688906096143,35.300000000000004,76.60000000000001,-3.1
1688906096160,35.7,78.30000000000001,-2.6
1688906096176,35.2,79.7,-1.1
1688906096193,33.5,80.80000000000001,1.7000000000000002
1688906096210,27.5,81.80000000000001,8.3
1688906096227,24.400000000000002,82.30000000000001,13.8
1688906096243,18.7,82.9,20.900000000000002
1688906096260,16.3,83.60000000000001,25.400000000000002
1688906096277,14.200000000000001,84.4,29.1
1688906096294,355.90000000000003,86.30000000000001,49.6
1688906096310,338.1,86.9,68.2
1688906096326,134.6,92.60000000000001,-87
1688906096347,113.10000000000001,92.4,-63.900000000000006
1688906096360,84.2,92.9,-34.300000000000004
1688906096377,66.8,93.80000000000001,-16.1
1688906096394,56.300000000000004,94.4,-4.7
1688906096410,47.300000000000004,95.2,4.800000000000001
1688906096427,39.5,95.60000000000001,13.3
1688906096443,32.4,96,20.8
1688906096460,25.1,96.30000000000001,28.5
1688906096477,17.2,96.80000000000001,36.5
1688906096493,8.9,97.4,44.5
1688906096510,1.5,98.2,51.1
1688906096527,0.5,99,49.800000000000004
1688906096543,359.5,99.80000000000001,47.300000000000004
1688906096561,359.90000000000003,100.80000000000001,42.900000000000006
1688906096577,358.5,101.7,40.2
1688906096593,355.8,102.80000000000001,40.1
1688906096610,351.1,103.80000000000001,42.7
1688906096627,345.3,104.80000000000001,47.400000000000006
1688906096643,337.6,105.80000000000001,54.300000000000004
1688906096660,329,106.30000000000001,61.300000000000004
1688906096677,319.20000000000005,106.7,70.8
1688906096693,307.6,107.2,81.4
1688906096710,106.5,70.5,-78.80000000000001
1688906096727,98,68.5,-70.5
1688906096743,91,66.8,-64.4
1688906096760,85.10000000000001,64.4,-57.300000000000004
1688906096776,80,62.5,-52.400000000000006
1688906096793,76.2,59.6,-46.900000000000006
1688906096810,72.60000000000001,56.800000000000004,-42.900000000000006
1688906096827,70.10000000000001,54,-39.900000000000006
1688906096843,68.5,51.1,-37.4
1688906096860,66.3,48.900000000000006,-35.2
1688906096876,65.3,46.400000000000006,-32.2
1688906096893,64.5,44.5,-29.5
1688906096910,63.800000000000004,43.400000000000006,-27.3
1688906096927,63.6,42.5,-25.6
1688906096943,63.6,42,-24.400000000000002
1688906096960,64.3,41.7,-23.8
1688906096976,64.3,41.5,-23
1688906096993,64.4,41.6,-22
1688906097010,64.7,42,-20.900000000000002
1688906097027,64.4,42.5,-19.3
1688906097043,63.5,43.300000000000004,-17.1
1688906097060,63,44.1,-14.8
1688906097077,63.400000000000006,44.800000000000004,-13
1688906097093,62.300000000000004,45.7,-11.200000000000001
1688906097110,62.800000000000004,47.5,-8.700000000000001
1688906097127,63,48.400000000000006,-7.800000000000001
1688906097143,62.900000000000006,49.300000000000004,-6.800000000000001
1688906097160,62.400000000000006,50.2,-5.6000000000000005
1688906097177,63.1,50.900000000000006,-4.9
1688906097193,63.1,51.800000000000004,-4.6000000000000005
1688906097210,63.6,52.6,-4.800000000000001
1688906097227,64.2,53.300000000000004,-5
1688906097243,63.5,54.300000000000004,-4.9
1688906097260,62.7,55.5,-4.2
1688906097276,63.6,56.2,-4.1000000000000005
1688906097293,63.7,56.400000000000006,-3.7
1688906097310,63.900000000000006,56.400000000000006,-3.2
1688906097326,64.10000000000001,56.400000000000006,-2.6
1688906097343,64.60000000000001,56,-2.4000000000000004
1688906097360,64.9,55.400000000000006,-2.3000000000000003
1688906097376,64.3,55,-2.2
1688906097393,63.5,54.800000000000004,-2
1688906097410,62.900000000000006,54.800000000000004,-1.8
1688906097426,62.5,55,-1.4000000000000001
1688906097443,62.2,55.1,-1
1688906097460,61.5,55.1,-0.4
1688906097476,60.7,55.2,0.2
1688906097493,60.1,55.400000000000006,1
1688906097510,60.5,55.5,0.7000000000000001
