Acceleration Data 
Time [ms], x [m/s²], y [m/s²], z [m/s²] 
1687631518220,1,2,-0.1
1687631518237,1.7000000000000002,2.7,2.4000000000000004
1687631518254,-1.1,-0.6000000000000001,2.6
1687631518270,-1.4000000000000001,-1.1,0.30000000000000004
1687631518287,1.1,2.1,-0.9
1687631518303,3.3000000000000003,2.8000000000000003,-2
1687631518320,4.2,3.4000000000000004,-2.2
1687631518337,3.2,2.3000000000000003,0.7000000000000001
1687631518353,1.3,-0.4,0.4
1687631518370,-2.4000000000000004,0,0.6000000000000001
1687631518387,-1,0.2,-1.4000000000000001
1687631518403,-1,0.2,-1.4000000000000001
1687631518420,0.9,1.1,0.30000000000000004
1687631518437,1.6,0.8,-1.3
1687631518453,1.6,0.4,-0.9
1687631518470,1.3,-0.30000000000000004,-1.4000000000000001
1687631518487,-3.4000000000000004,-0.30000000000000004,-2.4000000000000004
1687631518503,0.7000000000000001,0.9,-4.6000000000000005
1687631518520,5.800000000000001,1.6,-3.2
1687631518537,4.9,1.2000000000000002,-2
1687631518553,3.7,0.6000000000000001,-1.1
1687631518570,3.1,0.8,-1.1
1687631518587,1.3,0.2,-1.4000000000000001
1687631518603,2,1.3,1.1
1687631518620,4.2,2.4000000000000004,2.8000000000000003
1687631518637,3.6,2.7,3.2
1687631518653,2.3000000000000003,2.4000000000000004,1.8
1687631518670,0.7000000000000001,2.3000000000000003,0.30000000000000004
1687631518687,0.1,2.1,1
1687631518703,-1.7000000000000002,2.3000000000000003,2.2
1687631518720,-3.3000000000000003,2.1,3.8000000000000003
1687631518737,-2.6,1.4000000000000001,5.300000000000001
1687631518753,-2,1.8,3.8000000000000003
1687631518770,-0.9,2.5,1
1687631518787,-1.8,2.4000000000000004,1.3
1687631518803,-1.9000000000000001,2.4000000000000004,2.1
1687631518820,-2.8000000000000003,2.4000000000000004,2.5
1687631518837,-2.9000000000000004,3.2,1
1687631518853,-3.1,3.4000000000000004,0.8
1687631518870,-2,3.6,1.8
1687631518888,-1.6,3.4000000000000004,3.2
1687631518903,-1.4000000000000001,3.7,2.3000000000000003
1687631518920,-1,4.2,1.3
1687631518937,-0.6000000000000001,4.7,1.9000000000000001
1687631518953,-1.2000000000000002,4.1000000000000005,2.7
1687631518970,-0.5,4.1000000000000005,4.5
1687631518987,0.7000000000000001,3.7,5.4
1687631519003,0.2,3,5.5
1687631519020,-1.4000000000000001,2,7
1687631519037,-0.9,1.3,7.7
1687631519053,-0.7000000000000001,0.4,7.300000000000001
1687631519070,-1.1,-0.8,6.800000000000001
1687631519087,-1.7000000000000002,-1.6,6.7
1687631519103,-0.4,-3.1,5.800000000000001
1687631519121,-2.3000000000000003,-3.9000000000000004,5.9
1687631519137,-1.9000000000000001,-4.800000000000001,4.800000000000001
1687631519153,-2.4000000000000004,-5.4,3.6
1687631519172,-0.4,-5.6000000000000005,2.2
1687631519187,-0.4,-5.6000000000000005,2.2
1687631519205,0.2,-6.2,1.3
1687631519220,0.2,-6.2,1.3
1687631519238,0.8,-5.5,-0.30000000000000004
1687631519253,0.6000000000000001,-5.5,-0.1
1687631519272,0.9,-5.4,0.6000000000000001
1687631519287,0.4,-5.5,1.6
1687631519305,0.4,-5.300000000000001,1.9000000000000001
1687631519321,-0.2,-5.1000000000000005,0.8
1687631519339,0.2,-4.7,-0.1
1687631519353,0.2,-4.7,-0.5
1687631519371,-0.1,-4.7,-0.30000000000000004
1687631519387,-0.2,-4.9,0.7000000000000001
1687631519405,-0.4,-5.2,0.8
1687631519420,-1.1,-5.6000000000000005,1
1687631519439,-0.8,-5.6000000000000005,0.9
1687631519453,0.4,-5.4,1.2000000000000002
1687631519472,1.2000000000000002,-5,0.9
1687631519487,0.7000000000000001,-4.9,-0.2
1687631519505,0.7000000000000001,-5,-0.1
1687631519520,1.5,-4.9,1.5
1687631519539,3.2,-3.9000000000000004,2.6
1687631519553,3.1,-3.4000000000000004,1.5
1687631519571,1.9000000000000001,-3.4000000000000004,0.5
1687631519587,2.7,-3.3000000000000003,2.1
1687631519604,4.7,-2.4000000000000004,2
1687631519620,5,-1.7000000000000002,0.1
1687631519637,4.800000000000001,-1.4000000000000001,-1.4000000000000001
1687631519653,4.1000000000000005,-1.5,-1.3
1687631519670,3,-2,0.1
1687631519687,3.5,-2.2,1.4000000000000001
1687631519704,5,-1.6,1.9000000000000001
1687631519720,4.4,-1.1,0.30000000000000004
1687631519737,2.7,-1.7000000000000002,-0.8
1687631519753,2.3000000000000003,-2.2,0
1687631519770,3.8000000000000003,-2,1
1687631519787,5.300000000000001,-1.7000000000000002,0.4
1687631519804,5,-1.3,-0.8
1687631519820,2.8000000000000003,-1.7000000000000002,-1.1
1687631519837,1.3,-2.4000000000000004,-0.7000000000000001
1687631519853,1.6,-2.9000000000000004,0.5
1687631519870,3.1,-2.6,1.1
1687631519887,3.7,-2.2,-0.7000000000000001
1687631519903,3.1,-1.8,-1.5
1687631519920,1.9000000000000001,-1.7000000000000002,-1.5
1687631519937,1.3,-1.9000000000000001,-0.6000000000000001
1687631519953,1.5,-2.1,0.7000000000000001
1687631519970,3.2,-1.5,0.7000000000000001
1687631519987,5.5,-0.5,0.1
1687631520006,3.9000000000000004,0.5,-2.3000000000000003
1687631520020,1.9000000000000001,-0.30000000000000004,0.8
1687631520038,2.3000000000000003,-0.7000000000000001,4.3
1687631520053,4.3,-0.30000000000000004,4.6000000000000005
1687631520070,5.1000000000000005,0.7000000000000001,1.8
1687631520087,5.300000000000001,1.3,-0.4
1687631520103,3.5,1,-0.2
1687631520120,2.1,0.30000000000000004,2
1687631520137,2.7,0.4,5.300000000000001
1687631520153,3.7,1.2000000000000002,5.300000000000001
1687631520170,4.3,2.5,1.3
1687631520187,4.7,3.3000000000000003,-1.5
1687631520203,4.5,2.9000000000000004,-0.8
1687631520220,3.9000000000000004,1.7000000000000002,2.3000000000000003
1687631520237,2.9000000000000004,0.9,4.9
1687631520253,2.1,0.9,5.4
1687631520270,1.5,1.3,3.5
1687631520287,1.5,1.9000000000000001,1.7000000000000002
1687631520303,2.4000000000000004,1.8,1.3
1687631520320,1.8,1.3,2.3000000000000003
1687631520337,1.3,0.7000000000000001,5.2
1687631520353,1.1,0.8,6
1687631520370,0.8,1.2000000000000002,2.9000000000000004
1687631520387,3,2,1.1
1687631520403,3,2,1.1
1687631520420,2.7,1.8,2.7
1687631520437,2.1,1.8,2.7
1687631520453,1.7000000000000002,1.9000000000000001,2.9000000000000004
1687631520470,2.3000000000000003,1.8,3.2
1687631520487,1.8,1.6,2.3000000000000003
1687631520503,1.4000000000000001,1.3,1.3
1687631520520,-0.1,1.6,2.2
1687631520537,0.1,1.8,3.9000000000000004
1687631520553,0.2,1.9000000000000001,5.300000000000001
1687631520570,-0.30000000000000004,1.5,5.5
1687631520587,-1.7000000000000002,0.9,4.6000000000000005
1687631520603,-2.6,0.30000000000000004,5
1687631520620,-2.9000000000000004,0.5,6.300000000000001
1687631520637,-3.1,0.8,5.4
1687631520655,-2.7,0.7000000000000001,4.1000000000000005
1687631520670,-3.4000000000000004,0.6000000000000001,2.9000000000000004
1687631520688,-3.5,0.2,3.1
1687631520703,-3.4000000000000004,0,3.7
1687631520722,-3.3000000000000003,0.4,5
1687631520737,-2.8000000000000003,0.1,5.1000000000000005
1687631520753,-5.2,0.30000000000000004,3.4000000000000004
1687631520770,-3.9000000000000004,-1,2.5
1687631520789,-3.1,-0.5,3.7
1687631520803,-3.1,-0.5,3.7
1687631520821,-3.8000000000000003,-2.2,4.2
1687631520837,-3.8000000000000003,-2.6,4.6000000000000005
1687631520855,-3.6,-2.3000000000000003,5.2
1687631520870,-2.3000000000000003,-2.6,5.2
1687631520888,-2.3000000000000003,-2.7,4.4
1687631520903,-4.1000000000000005,-2.7,2.4000000000000004
1687631520922,-4,-3.4000000000000004,2.3000000000000003
1687631520937,-3.5,-3.8000000000000003,3.9000000000000004
1687631520954,-3.2,-4.5,4.3
1687631520970,-3.4000000000000004,-4.800000000000001,3
1687631520987,-3.1,-4.9,2.1
1687631521003,-3.1,-4.6000000000000005,2.6
1687631521021,-2.1,-5.5,3
1687631521037,-2.4000000000000004,-5.4,2.4000000000000004
1687631521054,-1.8,-5.5,1
1687631521070,-0.9,-5.300000000000001,-0.30000000000000004
1687631521087,0,-4.9,-1.6
1687631521103,0.8,-4.7,-1.9000000000000001
1687631521120,1,-4.6000000000000005,0.2
1687631521137,1.3,-5,2.1
1687631521153,1.7000000000000002,-4.800000000000001,2
1687631521170,1.4000000000000001,-4.3,-1.8
1687631521187,1.4000000000000001,-4.3,-1.8
1687631521203,2.1,-3.6,-1.8
1687631521220,2.2,-2.5,-1.3
1687631521237,3.2,-2.1,-1.3
1687631521253,15.700000000000001,1.6,2.3000000000000003
1687631521270,6,2.1,-1.5
1687631521288,6.6000000000000005,1.3,-0.9
1687631521303,4.7,1.7000000000000002,-0.8
1687631521320,2.2,0.6000000000000001,-2.4000000000000004
1687631521337,-0.2,0,-3.1
1687631521353,-1.1,-0.5,-1.9000000000000001
1687631521370,-0.1,-0.4,-0.30000000000000004
1687631521387,1.1,-0.2,0.9
1687631521403,1.2000000000000002,0.30000000000000004,0.2
1687631521421,0.6000000000000001,0.4,-1.4000000000000001
1687631521437,0.5,0.5,-1.5
1687631521453,-0.4,0.1,-0.30000000000000004
1687631521470,0.4,0.4,0.5
1687631521487,1.1,0.8,1.1
1687631521503,1.4000000000000001,1.2000000000000002,1
1687631521520,0.6000000000000001,0.9,0.5
1687631521537,0.7000000000000001,0.9,0.5
1687631521555,0.30000000000000004,0.8,0.7000000000000001
1687631521570,0.2,0.6000000000000001,0.5
1687631521587,0.9,0.6000000000000001,1.3
1687631521603,0.2,0.30000000000000004,-0.6000000000000001
1687631521620,0.2,0.30000000000000004,-0.6000000000000001
1687631521637,0.1,0,1.2000000000000002
1687631521653,-0.6000000000000001,-0.1,-0.6000000000000001
1687631521670,-0.1,0.30000000000000004,-1.4000000000000001
1687631521687,1.4000000000000001,0.7000000000000001,0
1687631521703,0.6000000000000001,0.4,0.7000000000000001
1687631521720,-0.5,0,0.7000000000000001
1687631521737,0.1,0.2,0.6000000000000001
1687631521753,0.1,0.2,-0.2
1687631521770,-0.5,-0.1,-0.8
1687631521787,-0.2,-0.1,-0.6000000000000001
1687631521804,0.2,-0.1,0.2
1687631521820,-0.1,-0.30000000000000004,0.6000000000000001
1687631521836,-0.5,-0.4,0.5
1687631521853,-0.2,-0.1,0.1
1687631521870,-0.2,0,0.2
1687631521886,-0.30000000000000004,-0.1,0.4
1687631521903,-0.1,-0.2,0.1
1687631521920,-0.30000000000000004,0,-0.30000000000000004
1687631521936,-0.2,0,-0.6000000000000001
1687631521953,-0.5,-0.1,-0.4
1687631521970,-0.5,-0.1,-0.4
BREAK
Orientation Data 
Time [ms], x [°], y [°], z [°] 
1687631518214,351.5,30.5,11.3
1687631518232,353.8,30.5,9.700000000000001
1687631518247,353.8,30.6,8.200000000000001
1687631518266,352.20000000000005,30.900000000000002,7.5
1687631518280,351.8,31.3,6.5
1687631518299,351.8,31.6,5.4
1687631518314,352.3,31.900000000000002,4.1000000000000005
1687631518331,352.1,32.2,2.9000000000000004
1687631518347,350.70000000000005,32.7,2.4000000000000004
1687631518364,348.20000000000005,33.2,3
1687631518380,346.5,34,4.1000000000000005
1687631518397,346.20000000000005,35.1,4.4
1687631518414,347.5,36.6,3.3000000000000003
1687631518430,346.8,37.7,2.3000000000000003
1687631518447,345.40000000000003,38.800000000000004,1.8
1687631518464,345.20000000000005,39.900000000000006,1.1
1687631518480,344.6,40.6,0.4
1687631518497,343.3,41.300000000000004,0.2
1687631518514,343.40000000000003,42.2,-0.6000000000000001
1687631518531,346,43.2,-5.5
1687631518547,345.20000000000005,43.1,-7.2
1687631518580,343.6,42.400000000000006,-7.800000000000001
1687631518597,343.6,41.400000000000006,-8.9
1687631518614,344.90000000000003,41,-10.700000000000001
1687631518630,343.90000000000003,41,-11.8
1687631518647,343,41.300000000000004,-12.5
1687631518664,341.6,41.7,-12.700000000000001
1687631518680,339.90000000000003,42,-12.700000000000001
1687631518697,337.90000000000003,41.900000000000006,-12.200000000000001
1687631518714,336.20000000000005,41.7,-11.4
1687631518730,336.1,41.800000000000004,-11.5
1687631518747,336.20000000000005,42.5,-12.100000000000001
1687631518764,335.5,43.6,-12.5
1687631518780,335,45,-12.600000000000001
1687631518797,333.1,45.800000000000004,-12
1687631518814,331.1,46.2,-10.700000000000001
1687631518830,329.6,46.6,-8.8
1687631518847,329.90000000000003,47.300000000000004,-7.7
1687631518864,330.70000000000005,48.6,-7.4
1687631518880,331.40000000000003,50,-8
1687631518897,331.3,51.5,-8.8
1687631518914,330.1,52.800000000000004,-9.200000000000001
1687631518930,329,53.900000000000006,-9.200000000000001
1687631518947,328.70000000000005,55.300000000000004,-9.200000000000001
1687631518964,327.1,57.7,-9.3
1687631518997,322.70000000000005,59.900000000000006,-8.3
1687631519014,319.6,60.800000000000004,-6.5
1687631519030,315.90000000000003,61.6,-3.5
1687631519047,313.90000000000003,62.5,-1.2000000000000002
1687631519064,311.20000000000005,64,2
1687631519080,307.3,65.3,5.4
1687631519097,303,66.3,9.3
1687631519114,299.1,67.2,13.3
1687631519130,294.6,68.10000000000001,18.2
1687631519147,289.8,69.10000000000001,23.8
1687631519164,285.90000000000003,69.9,28.8
1687631519180,283,70.5,32.800000000000004
1687631519197,279.2,71.2,38
1687631519214,276.3,71.7,42.1
1687631519230,272.2,72.3,47.5
1687631519247,268.8,72.7,52.2
1687631519264,265.7,73,56.400000000000006
1687631519280,263.6,73,59.6
1687631519297,261.5,73,62.7
1687631519314,259.5,73.10000000000001,66.10000000000001
1687631519331,258.2,73.2,69
1687631519347,256.40000000000003,73.4,72.5
1687631519364,254.3,74,78.30000000000001
1687631519397,253.9,74.7,82.10000000000001
1687631519415,254.10000000000002,75.10000000000001,83.30000000000001
1687631519430,254.4,75.7,84.4
1687631519449,255.20000000000002,76.7,85.7
1687631519464,255.5,77.60000000000001,86.9
1687631519483,255.4,78.7,88.7
1687631519497,255.60000000000002,79.30000000000001,89.10000000000001
1687631519516,257.7,80.5,88.4
1687631519530,260.6,81.4,86.7
1687631519549,264,82.60000000000001,84.7
1687631519564,266.8,83.4,83
1687631519583,272.7,84.30000000000001,78.60000000000001
1687631519597,280,85.10000000000001,72.8
1687631519615,290.7,86,63.7
1687631519630,306.8,86.9,49.1
1687631519648,326.3,87.30000000000001,30.700000000000003
1687631519664,343.6,87,14.4
1687631519682,357.5,86,1.8
1687631519697,4.6000000000000005,85.10000000000001,-3.9000000000000004
1687631519715,11.8,83.80000000000001,-9.600000000000001
1687631519730,16.1,82.80000000000001,-12.700000000000001
1687631519748,18.8,80.60000000000001,-13.3
1687631519764,21.400000000000002,79.30000000000001,-14.200000000000001
1687631519781,24.3,77.9,-15.700000000000001
1687631519797,25.3,76.80000000000001,-16.2
1687631519815,24.8,75.4,-15.100000000000001
1687631519830,24,73.60000000000001,-13.3
1687631519849,24.700000000000003,72.10000000000001,-12.600000000000001
1687631519864,26.700000000000003,70.3,-13.200000000000001
1687631519880,28.1,68.9,-14.100000000000001
1687631519897,28.6,67.7,-14.600000000000001
1687631519915,29.400000000000002,65.8,-14.600000000000001
1687631519930,29.900000000000002,64.10000000000001,-14.700000000000001
1687631519947,31.5,62,-15.200000000000001
1687631519964,32.9,60.2,-16.400000000000002
1687631519980,35.6,58.1,-18.400000000000002
1687631519997,35.1,56.800000000000004,-19.400000000000002
1687631520015,35.300000000000004,55.300000000000004,-19.8
1687631520030,35.1,52.800000000000004,-19.400000000000002
1687631520047,34.7,50.400000000000006,-19.200000000000003
1687631520064,34.800000000000004,48.6,-19.700000000000003
1687631520080,35.2,47.1,-20.6
1687631520097,35.300000000000004,45.5,-21.400000000000002
1687631520114,34.4,43.900000000000006,-21.5
1687631520130,33.300000000000004,42.2,-21.200000000000003
1687631520147,32.9,40.2,-21
1687631520164,31.1,37.4,-21.400000000000002
1687631520197,29.8,35.1,-21.400000000000002
1687631520214,28.700000000000003,33.9,-21.200000000000003
1687631520230,27.3,32.5,-21
1687631520247,24.900000000000002,31.200000000000003,-20.5
1687631520264,22.200000000000003,30.3,-20.1
1687631520280,20.5,29.900000000000002,-19.900000000000002
1687631520297,19.1,29.5,-19.8
1687631520314,17.7,29.1,-19.700000000000003
1687631520330,15.600000000000001,28.700000000000003,-19.6
1687631520347,13.700000000000001,28.5,-19.400000000000002
1687631520364,11.8,28.8,-19.400000000000002
1687631520380,10.200000000000001,29.3,-19.6
1687631520397,8.700000000000001,29.700000000000003,-19.700000000000003
1687631520414,7.2,30.1,-19.700000000000003
1687631520430,4.9,30.5,-19.6
1687631520447,3,31,-19.5
1687631520464,1.4000000000000001,31.8,-19.700000000000003
1687631520480,359.40000000000003,32.800000000000004,-20
1687631520497,356.70000000000005,33.9,-20.3
1687631520514,353.70000000000005,35,-20.200000000000003
1687631520530,350.8,35.800000000000004,-19.900000000000002
1687631520547,347.90000000000003,36.4,-19.5
1687631520564,345.70000000000005,37.1,-19.3
1687631520580,343.20000000000005,38.1,-19
1687631520597,337.1,40.300000000000004,-18
1687631520614,334.20000000000005,41.300000000000004,-17.1
1687631520630,332.1,42.300000000000004,-16.400000000000002
1687631520647,330.8,43.800000000000004,-15.9
1687631520664,329.40000000000003,45.6,-15.4
1687631520680,327.40000000000003,47.2,-14.8
1687631520697,325.5,48.5,-14.3
1687631520714,324.1,49.900000000000006,-13.600000000000001
1687631520730,322.70000000000005,51.6,-12.8
1687631520747,321.40000000000003,53.2,-12.100000000000001
1687631520764,320.3,54.7,-11.5
1687631520780,319.70000000000005,56.400000000000006,-11
1687631520797,318.70000000000005,57.6,-10.600000000000001
1687631520814,318.40000000000003,59.300000000000004,-10.100000000000001
1687631520833,317.40000000000003,60.800000000000004,-9.600000000000001
1687631520847,316.40000000000003,62.300000000000004,-9
1687631520864,315.5,63.6,-8.4
1687631520880,315.6,65.5,-7.800000000000001
1687631520899,314.90000000000003,67.2,-6.9
1687631520914,313.40000000000003,69,-5.1000000000000005
1687631520932,312.1,70.60000000000001,-3.2
1687631520947,311,72.10000000000001,-1.3
1687631520965,308.20000000000005,74.9,2.5
1687631520997,305.1,77.80000000000001,7.9
1687631521014,303.90000000000003,79.10000000000001,10.5
1687631521033,302.3,80.7,13.9
1687631521047,300,82.10000000000001,17.7
1687631521065,297.8,83.4,21.400000000000002
1687631521080,296.1,84.5,24.700000000000003
1687631521098,295.3,85.2,27.1
1687631521114,295.6,85.30000000000001,28.400000000000002
1687631521131,295.40000000000003,85.2,29.900000000000002
1687631521147,295,85.10000000000001,32.1
1687631521164,295,85.10000000000001,34.5
1687631521180,294.1,85.10000000000001,37.5
1687631521198,295.3,85.10000000000001,38.800000000000004
1687631521214,300,85,36.6
1687631521231,305,84.7,33.800000000000004
1687631521247,310.70000000000005,84.30000000000001,30.3
1687631521264,317.8,83.9,25.400000000000002
1687631521280,320.3,83.5,24.400000000000002
1687631521297,316.5,82.9,28.6
1687631521314,312.70000000000005,82,33.5
1687631521331,311.70000000000005,81.2,36.800000000000004
1687631521347,310.5,80.4,39.300000000000004
1687631521364,311.6,79.5,39.6
1687631521380,314.3,78.80000000000001,37.9
1687631521398,318.5,78,34.300000000000004
1687631521414,319.40000000000003,77.80000000000001,33.5
1687631521430,320.40000000000003,77.5,32.7
1687631521447,322.1,77.2,31.200000000000003
1687631521464,324.70000000000005,76.9,29
1687631521497,328.3,76.80000000000001,25.200000000000003
1687631521514,330.1,76.80000000000001,23.5
1687631521530,331.6,76.80000000000001,22.1
1687631521547,333.3,76.7,20.6
1687631521566,334.5,76.5,19.3
1687631521580,336.1,76.3,17.900000000000002
1687631521598,337.20000000000005,76.10000000000001,16.900000000000002
1687631521614,337.90000000000003,76.10000000000001,16.2
1687631521632,338.6,76.2,15.600000000000001
1687631521647,339,76.10000000000001,15.200000000000001
1687631521665,339.1,76.3,15
1687631521680,339.5,76.4,14.700000000000001
1687631521699,340.40000000000003,76.5,13.8
1687631521714,340.6,76.3,13.3
1687631521734,341.20000000000005,76,12.8
1687631521764,341.5,76,12.5
1687631521797,341.90000000000003,75.9,12.200000000000001
1687631521814,341.70000000000005,75.8,12.200000000000001
1687631521830,341.5,75.8,12.5
1687631521847,341.5,75.7,12.600000000000001
1687631521864,341.40000000000003,75.7,12.8
1687631521880,341.3,75.7,13
1687631521897,341.20000000000005,75.8,13.200000000000001
1687631521914,340.90000000000003,75.8,13.5
1687631521930,340.6,75.9,13.9
1687631521947,340.20000000000005,75.8,14.3
1687631521964,340,75.8,14.600000000000001
